(-20.09295449327722, 18.19131675418469)
(-14.22396820942889, 29.010050506338825)
(-1.1424927574777932, 39.263098833543765)
(-20.446507883870495, 18.544870144777967)
(-16.20386719675122, 27.030151519016496)
(0.13029944865799692, 41.2429978208661)
(-20.800061274463772, 18.898423535371244)
(-14.436100243784857, 29.505025253169407)
(-0.15254326381662153, 40.96015510839149)
(-21.096534273844554, 19.282927106813368)
(-16.50959273206727, 27.481704309516527)
(-0.4641413557650118, 40.663355444344354)
(-21.436457377531674, 19.676240994676427)
(-14.789653634378134, 29.85857864376268)
(-0.718228688765862, 40.394469683442246)
(-21.71930009000628, 20.100505063388354)
(-16.769552621700484, 27.878679656440372)
(-1.0010714012404875, 40.11162697096762)
(-21.931432124362267, 20.595479810218947)
(-15.143207024971396, 30.21213203435596)
(-1.283914113715106, 39.828784258493)
(-22.21427483683688, 21.019743878930882)
(-17.052395334175074, 28.302943725152268)
(-1.5667568261897102, 39.54594154601839)
(-22.497117549311504, 21.444007947642802)
(-15.426049737446021, 30.636396103067884)
(-0.2939646200539343, 41.52584053334072)
(-22.7799602617861, 21.868272016354744)
(-17.3352380466497, 28.72720779386421)
(-0.5768073325285599, 41.242997820866094)
(-22.921381618023418, 22.433957441303964)
(-15.708892449920633, 31.06066017177982)
(-0.8596500450031748, 40.960155108391476)
(-23.062802974260727, 22.999642866253218)
(-17.61808075912431, 29.151471862576127)
(-1.1424927574777968, 40.677312395916864)
(-23.274935008616694, 23.49461761308381)
(-16.06244584051391, 31.414213562373085)
(-1.4253354699524117, 40.39446968344224)
(-23.48706704297267, 23.989592359914365)
(-17.83021279348028, 29.646446609406723)
(-1.7081781824270337, 40.11162697096762)
(-23.55777772109132, 24.625988462982264)
(-16.415999231107186, 31.767766952966365)
(-1.9910208949016486, 39.82878425849301)
(-23.628488399209957, 25.262384566050166)
(-18.04234482783624, 30.141421356237302)
(-0.7182286887658655, 41.80868324581534)
(-23.699199077328622, 25.89878066911804)
(-16.557420587344495, 32.333452377915606)
(-1.001071401240484, 41.52584053334071)
(-23.769909755447287, 26.535176772185928)
(-18.32518754031087, 30.565685424949255)
(-1.2839141137151096, 41.24299782086611)
(-23.769909755447294, 27.2422835533725)
(-16.76955262170044, 32.82842712474618)
(-1.566756826189735, 40.96015510839148)
(-23.628488399209957, 28.090811690796357)
(-18.53731957466684, 31.060660171779833)
(-1.84959953866435, 40.67731239591686)
(-23.628488399209978, 28.797918471982925)
(-16.769552621700456, 33.535533905932716)
(-2.1324422511389614, 40.39446968344224)
(-23.557777721091327, 29.575735931288097)
(-18.749451609022778, 31.55563491861039)
(-2.4152849636135976, 40.11162697096762)
(-23.48706704297267, 30.35355339059329)
(-16.91097397793778, 34.10121933088198)
(-1.4253354699524117, 41.80868324581533)
(-23.345645686735367, 31.20208152801714)
(-18.96158364337876, 32.05060966544099)
(-1.7081781824270337, 41.525840533340705)
(-23.204224330498043, 32.05060966544099)
(-17.123106012293725, 34.596194077712546)
(-1.9910208949016521, 41.2429978208661)
(-22.992092296142097, 32.969848480983536)
(-19.10300499961607, 32.61629509039022)
(-2.2738636073762777, 40.960155108391476)
(-22.497117549311504, 34.17193000900066)
(-17.26452736853104, 35.16187950266179)
(-2.556706319850889, 40.67731239591686)
(-22.214274836836886, 35.16187950266183)
(-19.244426355853378, 33.181980515339454)
(-2.8395490323255004, 40.39446968344224)
(-21.790010768124937, 36.29325035256032)
(-17.3352380466497, 35.798275605729685)
(-3.12239174480014, 40.11162697096762)
(-21.365746699413023, 37.14177848998416)
(-19.385847712090687, 33.7476659402887)
(-1.9203102167829975, 42.020815280171306)
(-20.65863991822647, 38.131727983645334)
(-16.910973977937772, 36.929646455628166)
(-2.2031529292576195, 41.73797256769668)
(-19.951533137039917, 38.838834764831866)
(-19.527269068327996, 34.313351365237935)
(-2.4859956417322344, 41.455129855222054)
(-18.749451609022785, 19.53481963843912)
(-17.193816690412383, 37.35391052434008)
(-2.768838354206853, 41.17228714274745)
(-19.45655839020936, 20.241926419625663)
(-19.456558390209338, 35.09116882454313)
(-3.0516810666814678, 40.889444430272825)
(-19.103004999616054, 19.888373029032394)
(-17.61808075912431, 37.6367532368147)
(-3.334523779156086, 40.606601717798206)
(-19.456558390209345, 20.241926419625685)
(-19.456558390209338, 35.79827560572968)
(-3.6173664916307082, 40.32375900532358)
(-19.739401102683956, 20.66619048833759)
(-18.537319574666824, 37.424621202458745)
(-2.41528496361358, 42.232947314527266)
(-19.951533137039917, 21.161165235168184)
(-19.244426355853363, 36.7175144212722)
(-2.6981276760882054, 41.95010460205264)
(-20.234375849514528, 21.58542930388011)
(-5.667976157071671, 32.61629509039023)
(-2.9809703885628167, 41.66726188957803)
(-20.375797205751844, 22.151114728829334)
(-0.08183258569794916, 38.202438661763956)
(-3.2638131010374494, 41.384419177103396)
(-20.44650788387051, 22.787510831897244)
(-6.02152954766494, 32.96984848098349)
(-3.546655813512068, 41.10157646462879)
(-20.517218561989182, 23.423906934965125)
(-0.5060966544098768, 38.48528137423857)
(-3.8294985259866756, 40.81873375215417)
(-20.517218561989175, 24.13101371615168)
(-6.339727599198888, 33.35875721063609)
(-4.112341238461287, 40.535891039679555)
(-20.446507883870503, 24.908831175456882)
(-0.9303607231217974, 38.768124086713186)
(-4.3951839509359125, 40.25304832720492)
(-20.16366517139589, 25.474516600406115)
(-6.657925650732842, 33.747665940288705)
(-4.6780266634105345, 39.97020561473031)
(-19.774756441743293, 25.93413600817737)
(-1.354624791833725, 39.050966799187805)
(-2.698127676088202, 42.657211383239186)
(-19.31513703397202, 26.323044737829967)
(-1.8495995386643145, 39.26309883354378)
(-2.9809703885628345, 42.37436867076456)
(-16.199371113171615, 26.609687982587836)
(-6.978064801491694, 34.13944687457576)
(-3.275001921412276, 42.08649598909067)
(-16.55742058734451, 26.67659812842327)
(-2.2738636073762386, 39.54594154601838)
(-3.5466558135120607, 41.808683245815345)
(5.009336238845206, 43.29360748630712)
(-7.223611075682076, 34.59619407771257)
(-3.8294985259866756, 41.52584053334072)
(-17.830212793480264, 26.818019484660574)
(-2.768838354206828, 39.75807358037436)
(-4.112341238461298, 41.2429978208661)
(-18.2544768621922, 26.81801948466056)
(-7.506453788156687, 35.02045814642448)
(-4.3951839509359125, 40.96015510839148)
(-16.910973977937772, 26.74730880654191)
(-3.4052344572747124, 39.828784258493)
(-4.6780266634105345, 40.67731239591687)
(-17.405948724768344, 26.818019484660574)
(-7.577164466275342, 35.65685424949237)
(-4.960869375885146, 40.39446968344224)
(-15.708892449920633, 22.575378797541273)
(-4.041630560342604, 39.89949493661166)
(-5.2437120883597785, 40.11162697096761)
(-17.33523804664972, 20.949033200812206)
(-7.577164466275331, 36.36396103067891)
(-5.526554800834386, 39.82878425849301)
(-15.991735162395265, 22.29253608506664)
(-4.960869375885121, 39.82878425849301)
(-5.809397513309001, 39.54594154601839)
(-16.27457787486987, 22.00969337259204)
(-7.718585822512658, 37.071067811865476)
(-3.051681066681482, 43.01076477383246)
(-16.557420587344488, 21.726850660117414)
(-6.304372260139559, 39.33380951166242)
(-3.3345237791560933, 42.727922061357845)
(-16.840263299819107, 21.44400794764281)
(-6.799347006970148, 38.980256121069154)
(-3.6173664916307118, 42.445079348883226)
(-17.123106012293718, 21.16116523516819)
(-7.294321753800716, 38.343860018001244)
(-3.9002092041053444, 42.16223663640861)
(-16.415999231107172, 22.57537879754129)
(-6.940768363207457, 38.838834764831844)
(-4.183051916579952, 41.87939392393399)
(-18.04234482783624, 20.949033200812224)
(4.585072170133261, 43.57645019878171)
(-4.465894629054571, 41.59655121145937)
(-17.123106012293732, 22.575378797541283)
(4.160808101421356, 43.85929291125631)
(-4.7487373415291785, 41.31370849898475)
(-19.31513703397205, 20.383347775862973)
(3.7365440327094177, 44.14213562373094)
(-5.031580054003811, 41.03086578651013)
(-17.90092347159893, 22.50466811942265)
(3.3122799639974936, 44.42497833620556)
(-5.31442276647844, 40.748023074035515)
(-19.315137033972036, 21.090454557049526)
(2.8880158952855517, 44.70782104868019)
(-5.5972654789530445, 40.46518036156089)
(-20.022243815158568, 21.090454557049533)
(2.39304114845498, 44.91995308303615)
(-5.88010819142767, 40.18233764908628)
(-17.33523804664968, 23.777460325558422)
(1.9687770797430417, 45.202795795510774)
(-6.1629509039022885, 39.89949493661166)
(-16.415999231107158, 25.40380592228749)
(1.4738023329124736, 45.41492782986673)
(-6.445793616376903, 39.61665222413704)
(-19.59797974644664, 22.221825406948)
(0.9788275860818736, 45.6270598642227)
(-6.7286363288515325, 39.33380951166241)
(-16.557420587344488, 25.969491347236715)
(0.48385283925129485, 45.83919189857866)
(-7.01147904132613, 39.050966799187805)
(-19.385847712090687, 23.141064222490517)
(-0.011121907579308754, 46.051323932934636)
(-7.1529003975634495, 38.909545442950474)
(-17.193816690412383, 26.040202025355367)
(-0.5768073325285243, 46.192745289171924)
(-3.4052344572747444, 43.364318164425725)
(-19.24442635585337, 23.98959235991439)
(-1.0717820793590995, 46.40487732352789)
(-3.68807716974937, 43.0814754519511)
(-17.83021279348028, 26.110912703474018)
(-1.6374675043083649, 46.54629867976522)
(-3.9709198822239884, 42.7986327394765)
(-18.890872965260094, 25.05025253169419)
(-2.203152929257598, 46.68772003600253)
(-4.25376259469861, 42.51579002700189)
(-18.53731957466684, 26.110912703473993)
(-2.768838354206828, 46.82914139223983)
(-4.536605307173236, 42.23294731452726)
(-16.69884194358179, 22.29253608506666)
(-3.3345237791560542, 46.97056274847712)
(-4.819448019647847, 41.95010460205265)
(-16.981684656056437, 22.009693372592036)
(-3.970919882223953, 47.04127342659578)
(-5.102290732122455, 41.667261889578015)
(-17.26452736853104, 21.72685066011742)
(-4.6073159852918515, 47.11198410471445)
(-5.385133444597081, 41.38441917710341)
(-17.547370081005653, 21.44400794764281)
(-5.314422766478401, 47.11198410471445)
(-5.6679761570716956, 41.101576464628785)
(-17.830212793480293, 21.161165235168177)
(-6.092240225783595, 47.04127342659579)
(-5.950818869546303, 40.818733752154166)
(-18.183766184073555, 22.221825406947993)
(-6.870057685088799, 46.970562748477136)
(-6.23366158202094, 40.53589103967954)
(-18.466608896548166, 21.938982694473395)
(-7.647875144393996, 46.75843071412117)
(-6.516504294495558, 40.25304832720494)
(-18.749451609022785, 21.65613998199879)
(-8.425692603699204, 46.4048773235279)
(-6.79934700697018, 39.97020561473031)
(-19.03229432149741, 21.373297269524137)
(-9.910616844190958, 45.34421715174808)
(-7.082189719444791, 39.6873629022557)
(-17.405948724768344, 22.292536085066665)
(-7.930717856868636, 46.61700935788388)
(-7.36503243191941, 39.40452018978108)
(-17.688791437242955, 22.009693372592075)
(-9.3449314192417, 45.909902576697306)
(-7.577164466275391, 39.19238815542511)
(-17.9716341497176, 21.726850660117414)
(3.17085860776017, 41.45512985522207)
(-3.9002092041053267, 43.5764501987817)
(-18.254476862192192, 21.444007947642817)
(2.7465945390482567, 41.737972567696666)
(-4.183051916579956, 43.29360748630709)
(-18.537319574666824, 21.161165235168184)
(2.322330470336322, 42.0208152801713)
(-4.465894629054567, 43.01076477383246)
(-18.82016228714143, 20.8783225226936)
(1.8980664016243836, 42.303657992645924)
(-4.748737341529193, 42.72792206135786)
(-19.103004999616054, 20.59547981021896)
(1.4738023329124559, 42.58650070512054)
(-5.031580054003815, 42.44507934888322)
(-17.618080759124304, 23.494617613083776)
(1.0495382642005389, 42.869343417595154)
(-5.314422766478415, 42.162236636408615)
(-17.90092347159893, 23.211774900609175)
(2.2516197922176637, 40.53589103967955)
(-5.597265478953048, 41.87939392393399)
(-18.18376618407354, 22.92893218813458)
(1.8627110625650793, 40.85408909121349)
(-5.880108191427674, 41.59655121145937)
(-18.466608896548152, 22.64608947565995)
(1.4738023329124523, 41.17228714274745)
(-6.162950903902281, 41.313708498984745)
(-18.749451609022806, 22.363246763185312)
(1.0141829251412133, 41.41977451616273)
(-6.445793616376889, 41.03086578651014)
(-19.03229432149741, 22.080404050710694)
(0.6394163311123293, 41.752114703320416)
(-6.728636328851522, 40.7480230740355)
(-19.31513703397202, 21.7975613382361)
(0.271720804895331, 42.09152595828995)
(-7.011479041326144, 40.4651803615609)
(-19.59797974644666, 21.514718625761454)
(-0.22325394193526193, 42.303657992645924)
(-7.294321753800762, 40.182337649086264)
(-19.810111780802593, 21.3025865914055)
(-0.6475180106471683, 42.58650070512053)
(-7.577164466275363, 39.89949493661166)
(-16.69884194358179, 25.12096320981283)
(-1.1424927574777506, 42.79863273947649)
(-7.860007178750006, 39.61665222413703)
(-16.981684656056423, 24.838120497338238)
(-1.566756826189696, 43.08147545195112)
(-8.001428534987298, 39.47523086789973)
(-17.26452736853105, 24.555277784863616)
(-2.0617315730202925, 43.2936074863071)
(-4.324473272817254, 43.85929291125633)
(-17.54737008100568, 24.272435072388983)
(1.2616702985565027, 39.54594154601838)
(-4.607315985291873, 43.57645019878171)
(-17.83021279348025, 23.98959235991439)
(0.9788275860818842, 39.263098833543765)
(-4.890158697766495, 43.29360748630709)
(-18.113055505954897, 23.706749647439747)
(0.6959848736072551, 38.98025612106916)
(-5.17300141024112, 43.01076477383247)
(-18.395898218429522, 23.423906934965125)
(0.41314216113265445, 38.697413408594514)
(-5.455844122715725, 42.72792206135785)
(-18.678740930904134, 23.14106422249053)
(0.1302994486580289, 38.41457069611991)
(-5.738686835190357, 42.445079348883226)
(-18.96158364337876, 22.858221510015895)
(1.0495382642005247, 40.040916292848976)
(-6.021529547664972, 42.16223663640862)
(-19.24442635585337, 22.575378797541298)
(0.7666955517259169, 39.758073580374344)
(-6.3043722601395835, 41.879393923933996)
(-19.456558390209338, 22.363246763185344)
(0.48385283925131617, 39.475230867899704)
(-6.587214972614216, 41.59655121145938)
(-16.55742058734448, 25.96949134723671)
(0.20101012677667285, 39.19238815542512)
(-6.870057685088831, 41.31370849898475)
(-16.840263299819107, 25.686648634762093)
(-0.0818325856979385, 38.90954544295049)
(-7.1529003975634495, 41.030865786510134)
(-17.123106012293725, 25.403805922287482)
(-0.36467529817255695, 38.62670273047587)
(-7.435743110038082, 40.748023074035515)
(-17.40594872476833, 25.120963209812885)
(0.8374062298445715, 40.53589103967955)
(-7.71858582251269, 40.4651803615609)
(-17.68879143724297, 24.838120497338235)
(0.5545635173699495, 40.25304832720492)
(-8.00142853498729, 40.18233764908628)
(-17.971634149717595, 24.55527778486362)
(0.2717208048953239, 39.97020561473032)
(-8.284271247461916, 39.89949493661165)
(-18.254476862192206, 24.272435072388998)
(-0.011121907579298096, 39.6873629022557)
(-8.42569260369924, 39.75807358037435)
(-18.537319574666824, 23.989592359914376)
(-0.29396462005391655, 39.40452018978108)
(-5.102290732122462, 43.78858223313767)
(-18.82016228714145, 23.706749647439736)
(-0.5768073325285421, 39.12167747730648)
(-5.385133444597091, 43.505739520663056)
(-19.103004999616033, 23.423906934965174)
(-0.8596500450031535, 38.838834764831844)
(-5.667976157071699, 43.22289680818842)
(-17.476659402886987, 25.757359312880766)
(0.5545635173699566, 40.960155108391476)
(-5.950818869546335, 42.9400540957138)
(-17.759502115361634, 25.474516600406126)
(0.271720804895331, 40.67731239591686)
(-6.233661582020943, 42.65721138323919)
(-18.042344827836246, 25.191673887931493)
(-0.011121907579287438, 40.39446968344224)
(-6.516504294495572, 42.37436867076457)
(-18.325187540310857, 24.908831175456896)
(-0.29396462005391655, 40.11162697096763)
(-6.799347006970194, 42.09152595828996)
(-18.608030252785497, 24.62598846298227)
(-0.576807332528535, 39.82878425849301)
(-7.082189719444809, 41.80868324581533)
(-18.89087296526008, 24.34314575050767)
(-0.8596500450031499, 39.54594154601839)
(-7.365032431919431, 41.52584053334071)
(-18.113055505954897, 25.82806999099939)
(-3.6880771697493415, 31.060660171779823)
(-7.647875144394039, 41.242997820866094)
(-18.395898218429508, 25.5452272785248)
(1.4738023329124736, 35.51543289325505)
(-7.930717856868657, 40.960155108391476)
(-18.67874093090412, 25.262384566050176)
(-3.2638131010373925, 30.777817459305183)
(-8.213560569343276, 40.67731239591686)
(-18.678740930904127, 26.676598128423265)
(1.544513011031107, 34.87903679018718)
(-8.49640328181789, 40.394469683442246)
(-12.102647865869244, 29.71715728752542)
(-2.6274169979695117, 30.70710678118654)
(-8.779245994292506, 40.11162697096762)
(-11.819805153394643, 30.00000000000003)
(1.6152236891497758, 34.24264068711928)
(-8.991378028648477, 39.89949493661166)
(-11.536962440919996, 30.282842712474665)
(-1.9203102167829726, 30.70710678118655)
(-6.021529547664972, 43.576450198781714)
(-11.254119728445378, 30.565685424949276)
(1.544513011031114, 33.32340187157677)
(-6.304372260139598, 43.29360748630709)
(-11.53696244092, 30.28284271247465)
(-1.2132034355964194, 30.565685424949233)
(-6.58721497261422, 43.01076477383246)
(-11.96122650963192, 26.32304473782998)
(1.0495382642005389, 31.979898987322326)
(-6.870057685088838, 42.727922061357845)
(-14.011836175072915, 24.272435072389012)
(0.6959848736072622, 31.484924240491743)
(-7.1529003975634495, 42.44507934888324)
(-12.314779900225204, 26.676598128423265)
(0.05958877053936362, 30.989949493661168)
(-7.435743110038068, 42.16223663640861)
(-14.365389565666185, 24.625988462982264)
(0.5545635173699495, 31.34350288425443)
(-7.718585822512701, 41.87939392393399)
(-12.597622612699823, 27.10086219713517)
(5.29217895131981, 42.86934341759516)
(-8.001428534987305, 41.596551211459364)
(-14.718942956259447, 24.97954185357557)
(5.575021663794448, 42.44507934888321)
(-8.284271247461934, 41.313708498984745)
(-12.951176003293071, 27.454415587728498)
(5.857864376269067, 42.020815280171284)
(-8.567113959936549, 41.030865786510134)
(-15.001785668734058, 25.40380592228748)
(6.140707088743682, 41.59655121145937)
(-8.849956672411178, 40.748023074035515)
(-13.234018715767704, 27.87867965644041)
(6.423549801218291, 41.17228714274745)
(-9.132799384885779, 40.465180361560904)
(-15.284628381208691, 25.828069990999413)
(6.635681835574239, 40.67731239591687)
(-9.4156420973604, 40.18233764908628)
(-13.587572106360966, 28.232233047033695)
(6.918524548048898, 40.25304832720491)
(-9.55706345359771, 40.04091629284896)
(-15.638181771801968, 26.181623381592672)
(7.130656582404855, 39.75807358037434)
(-6.657925650732871, 43.64716087690036)
(-13.870414818835613, 28.656497115745598)
(7.342788616760801, 39.26309883354377)
(-6.940768363207493, 43.364318164425725)
(-15.921024484276572, 26.605887450304614)
(7.554920651116767, 38.76812408671319)
(-7.223611075682133, 43.081475451951114)
(2.6758838609296056, 23.28248557872784)
(7.767052685472759, 38.27314933988258)
(-7.506453788156733, 42.798632739476496)
(1.9687770797430666, 22.575378797541283)
(7.908474041710047, 37.707463914933356)
(-7.789296500631362, 42.515790027001884)
(1.2616702985565098, 21.868272016354744)
(8.120606076066004, 37.212489168102785)
(-8.072139213105974, 42.232947314527266)
(0.554563517369953, 21.161165235168205)
(8.262027432303329, 36.64680374315353)
(-8.354981925580585, 41.95010460205265)
(8.474159466659287, 28.373654403270972)
(8.403448788540633, 36.081118318204304)
(-8.637824638055196, 41.667261889578036)
(6.564971157455638, 26.464466094067305)
(8.544870144777942, 35.51543289325506)
(-8.920667350529829, 41.3844191771034)
(4.58507217013328, 24.48456710674497)
(8.68629150101525, 34.94974746830582)
(-9.203510063004448, 41.10157646462879)
(3.5951226764721262, 23.49461761308381)
(8.757002179133904, 34.31335136523793)
(-9.486352775479059, 40.818733752154166)
(2.2516197922176815, 22.15111472882937)
(8.827712857252568, 33.676955262170026)
(-9.769195487953684, 40.535891039679555)
(8.332738110421985, 27.525126265847124)
(8.827712857252562, 32.969848480983494)
(-10.052038200428296, 40.25304832720494)
(6.635681835574287, 25.828069990999428)
(8.757002179133917, 32.19203102167828)
(-7.082189719444806, 43.93000358937498)
(5.292178951319823, 24.484567106744983)
(8.68629150101525, 31.414213562373085)
(-7.365032431919413, 43.64716087690036)
(3.8072547108280936, 22.999642866253232)
(8.4741594666593, 30.63639610306787)
(-7.6478751443940425, 43.36431816442573)
(2.5344625046923, 21.72685066011744)
(8.120606076066034, 29.85857864376266)
(-7.930717856868647, 43.08147545195113)
(8.403448788540658, 26.88873016277923)
(7.059945904286181, 28.37365440327094)
(-8.213560569343272, 42.79863273947651)
(5.999285732506371, 24.484567106744983)
(8.332738110422003, 30.35355339059323)
(-8.496403281817887, 42.51579002700189)
(6.140707088743714, 24.625988462982285)
(7.625631329235439, 28.93933982822016)
(-8.779245994292523, 42.232947314527266)
(2.888015895285587, 21.37329726952416)
(3.1708586077601915, 41.455129855222054)
(-9.06208870676712, 41.95010460205265)
(8.191316754184664, 25.96949134723673)
(3.4537013202348064, 41.03086578651012)
(-9.344931419241739, 41.66726188957803)
(6.564971157455616, 25.05025253169421)
(3.7365440327094177, 40.606601717798206)
(-9.627774131716379, 41.38441917710341)
(4.655782848251945, 22.43395744130399)
(4.01938674518404, 40.18233764908628)
(-9.910616844190987, 41.10157646462879)
(3.3829906421161517, 21.1611652351682)
(4.302229457658655, 39.758073580374344)
(-10.193459556665605, 40.81873375215417)
(7.767052685472745, 24.83812049733824)
(4.585072170133277, 39.33380951166242)
(-10.476302269140238, 40.535891039679555)
(6.847813869930249, 22.928932188134556)
(2.2516197922176673, 40.53589103967955)
(-10.759144981614845, 40.25304832720494)
(7.635847007421118, 24.27780263211369)
(2.568882664292964, 40.15229894413752)
(-7.80248530875939, 43.92773878842853)
(7.979184719828712, 25.33309524416883)
(2.888015895285559, 39.758073580374344)
(-8.072139213105956, 43.64716087690036)
(5.080046916963861, 25.96949134723672)
(3.135503268700859, 39.29845417260308)
(-8.354981925580578, 43.36431816442575)
(3.2415692858788425, 23.848171003677077)
(3.4678434558585387, 38.92368757857421)
(-8.637824638055207, 43.08147545195112)
(4.090097423302719, 22.57537879754129)
(3.8072547108280546, 38.55599205235724)
(-8.920667350529833, 42.79863273947649)
(5.857864376269088, 22.928932188134567)
(4.019386745184038, 38.06101730552663)
(-9.203510063004451, 42.515790027001884)
(5.221468273201177, 22.575378797541298)
(4.302229457658665, 37.63675323681469)
(-9.486352775479062, 42.23294731452727)
(4.3022294576586635, 21.37329726952416)
(4.514361492014611, 37.141778489984134)
(-9.76919548795368, 41.95010460205265)
(7.272077938642164, 23.636038969321113)
(4.797204204489249, 36.717514421272185)
(-10.052038200428306, 41.66726188957803)
(5.221468273201188, 21.585429303880137)
(5.009336238845204, 36.22253967444161)
(-10.334880912902921, 41.38441917710341)
(6.423549801218311, 22.363246763185337)
(1.261670298556492, 39.54594154601839)
(-10.617723625377533, 41.101576464628785)
(5.7164430200317575, 21.656139981998784)
(0.9788275860818914, 39.26309883354375)
(-10.900566337852148, 40.81873375215417)
(2.534462504692293, 21.726850660117435)
(0.6959848736072765, 38.98025612106913)
(-11.183409050326773, 40.535891039679555)
(2.1809091140990198, 20.666190488337634)
(0.41314216113266156, 38.69741340859451)
(-11.466251762801384, 40.25304832720494)
(1.8273557235057574, 19.888373029032405)
(0.130299448658036, 38.414570696119895)
(-8.284271247461941, 44.142135623730944)
(1.2616702985565205, 19.039844891608567)
(1.756645045387092, 39.33380951166241)
(-8.567113959936549, 43.85929291125633)
(-5.455844122715689, 21.514718625761468)
(1.4738023329124736, 39.05096679918779)
(-8.849956672411174, 43.5764501987817)
(-7.223611075682069, 19.746951672795113)
(1.1909596204378552, 38.76812408671317)
(-9.132799384885786, 43.293607486307096)
(-4.748737341529164, 21.514718625761475)
(0.9081169079632474, 38.48528137423854)
(-9.415642097360404, 43.01076477383247)
(-6.728636328851486, 19.534819638439153)
(0.6252741954886147, 38.20243866176393)
(-9.69848480983503, 42.727922061357845)
(-4.18305191657991, 21.37329726952416)
(0.34243148301399984, 37.91959594928931)
(-9.981327522309638, 42.445079348883226)
(-6.233661582020879, 19.322687604083193)
(2.251619792217678, 39.12167747730644)
(-10.264170234784263, 42.16223663640861)
(-3.688077169749313, 21.16116523516821)
(1.9687770797430382, 38.838834764831844)
(-10.547012947258885, 41.879393923933996)
(-5.667976157071653, 19.181266247845866)
(1.6859343672684197, 38.555992052357226)
(-10.829855659733507, 41.59655121145937)
(-3.122391744800094, 21.019743878930896)
(1.403091654793812, 38.2731493398826)
(-11.11269837220813, 41.31370849898475)
(-5.10229073212243, 19.039844891608546)
(1.1202489423192112, 37.99030662740796)
(-9.203510063004437, 43.930003589374984)
(-2.4859956417321705, 20.949033200812238)
(0.8374062298445608, 37.70746391493337)
(-9.486352775479052, 43.64716087690037)
(-4.536605307173183, 18.898423535371226)
(0.5545635173699424, 37.424621202458745)
(-9.769195487953684, 43.36431816442573)
(-1.354624791833718, 21.37329726952418)
(2.675883860929595, 38.83883476483183)
(-10.052038200428296, 43.08147545195112)
(-3.970919882223935, 18.75700217913394)
(2.39304114845498, 38.55599205235722)
(-10.334880912902936, 42.79863273947649)
(-0.9303607231217832, 21.090454557049547)
(2.1101984359803687, 38.273149339882586)
(-10.617723625377536, 42.51579002700189)
(-3.193102422918738, 18.827712857252592)
(1.8273557235057467, 37.99030662740797)
(-10.759144981614842, 42.37436867076458)
(-0.6475180106471612, 20.666190488337623)
(1.5445130110311105, 37.70746391493337)
(-10.05203820042831, 43.78858223313766)
(-2.485995641732192, 18.827712857252614)
(1.2616702985565347, 37.42462120245871)
(-10.334880912902925, 43.50573952066305)
(-0.8596500450031321, 19.746951672795102)
(0.97882758608187, 37.14177848998413)
(-10.759144981614845, 43.08147545195113)
(-1.566756826189689, 19.039844891608553)
(2.958726573404224, 38.414570696119895)
(-11.466251762801388, 31.060660171779816)
(-5.667976157071653, 32.61629509039023)
(2.675883860929595, 38.1317279836453)
(-10.900566337852148, 30.919238815542506)
(-0.08183258569792784, 38.202438661763985)
(2.3930411484549694, 37.84888527117067)
(-11.466251762801388, 31.060660171779823)
(-5.314422766478394, 32.262741699796976)
(2.1101984359803616, 37.56604255869604)
(-11.749094475276, 30.7778174593052)
(0.20101012677668706, 37.77817459305205)
(1.8273557235057396, 37.283199846221436)
(-12.031937187750607, 30.494974746830582)
(-4.913554295245703, 31.944116058288774)
(1.5317438299631405, 37.01622925877707)
(-12.333390897373071, 30.202148021418363)
(0.4838528392512984, 37.353910524340115)
(1.2616702985564956, 36.7175144212722)
(-12.597622612699858, 29.929289321881345)
(-4.536605307173197, 31.626345596729095)
(3.241569285878839, 37.990306627407975)
(-12.880465325174484, 29.646446609406716)
(0.7666955517259204, 36.92964645562819)
(2.958726573404217, 37.70746391493336)
(-12.031937187750621, 31.202081528017136)
(0.978827586081902, 36.43467170879761)
(2.6758838609295914, 37.424621202458745)
(-12.314779900225247, 30.919238815542506)
(-4.147696577520595, 31.308147545195148)
(2.393041148454973, 37.14177848998413)
(-12.597622612699858, 30.636396103067884)
(1.2616702985564956, 36.010407640085674)
(2.110198435980358, 36.8589357775095)
(-12.880465325174484, 30.35355339059327)
(0.7666955517259098, 23.7774603255584)
(1.8273557235057503, 36.576093065034875)
(-13.163308037649088, 30.070710678118658)
(0.48385283925130906, 23.494617613083797)
(1.5445130110311212, 36.293250352560264)
(-13.44615075012372, 29.78786796564403)
(0.20101012677669772, 23.21177490060918)
(3.524411998353443, 37.56604255869606)
(-13.728993462598346, 29.50502525316941)
(-0.08183258569793495, 22.928932188134567)
(3.241569285878821, 37.283199846221436)
(-12.597622612699865, 31.343502884254423)
(-0.3646752981725463, 22.646089475659945)
(2.958726573404224, 37.0003571337468)
(-12.880465325174484, 31.060660171779816)
(-0.6475180106471683, 22.36324676318532)
(2.6758838609296163, 36.71751442127217)
(-13.16330803764911, 30.777817459305194)
(-0.9303607231217832, 22.080404050710708)
(2.3930411484549765, 36.43467170879757)
(-13.44615075012372, 30.49497474683058)
(-1.2132034355964052, 21.797561338236086)
(2.110198435980358, 36.151828996322955)
(-13.728993462598353, 30.212132034355953)
(-1.49604614807102, 21.51471862576146)
(1.8273557235057396, 35.868986283848336)
(-14.011836175072958, 29.929289321881335)
(-1.7788888605456528, 21.23187591328685)
(3.5244119983534645, 36.858935777509494)
(-14.294678887547583, 29.64644660940672)
(3.170858607760181, 25.898780669118057)
(3.2415692858788248, 36.5760930650349)
(-14.577521600022187, 29.363603896932116)
(4.514361492014636, 26.535176772185945)
(2.9587265734042063, 36.29325035256028)
(-13.092597359530451, 31.555634918610398)
(3.807254710828076, 26.11091270347403)
(2.675883860929595, 36.010407640085646)
(-13.375440072005055, 31.272792206135787)
(5.221468273201168, 26.959440840897862)
(2.393041148454966, 35.727564927611034)
(-13.658282784479681, 30.989949493661165)
(6.4235498012183, 28.020101012677696)
(2.110198435980333, 35.44472221513642)
(-13.9411254969543, 30.70710678118655)
(5.645732341913112, 27.383704909609808)
(1.8273557235057325, 35.1618795026618)
(-14.223968209428925, 30.42426406871191)
(-0.7182286887658229, 21.30258659140551)
(3.736544032709407, 36.36396103067893)
(-14.506810921903543, 30.141421356237295)
(4.655782848251942, 26.67659812842326)
(3.4537013202348064, 36.08111831820429)
(-14.789653634378155, 29.858578643762687)
(7.979184719828702, 29.292893218813482)
(3.170858607760188, 35.79827560572967)
(-13.658282784479681, 31.69705627484771)
(6.564971157455616, 27.87867965644039)
(2.8880158952855695, 35.51543289325505)
(-13.941125496954307, 31.414213562373085)
(6.140707088743692, 27.454415587728466)
(2.6051731828109297, 35.232590180780456)
(-14.223968209428925, 31.131370849898474)
(5.433600307557139, 26.747308806541913)
(2.3223304703363254, 34.94974746830582)
(-14.506810921903536, 30.84852813742385)
(0.059588770539381386, 21.373297269524155)
(2.0394877578617034, 34.666904755831204)
(-14.789653634378155, 30.565685424949233)
(8.262027432303325, 28.86862915010157)
(3.948676067065385, 35.868986283848336)
(-15.072496346852787, 30.282842712474615)
(6.3528391230996615, 26.959440840897884)
(3.665833354590763, 35.58614357137372)
(-14.15325753131026, 31.909188309203675)
(4.797204204489258, 25.40380592228747)
(3.3829906421161553, 35.303300858899085)
(-14.436100243784885, 31.626345596729053)
(4.2315187795399964, 24.83812049733824)
(3.1001479296415333, 35.02045814642447)
(-14.71894295625951, 31.343502884254438)
(3.524411998353468, 24.131013716151685)
(2.817305217166897, 34.73761543394987)
(-15.001785668734122, 31.060660171779812)
(-11.183409050326734, 25.686648634762115)
(2.534462504692282, 34.45477272147524)
(-15.28462838120874, 30.77781745930521)
(-13.304729393886362, 23.565328291202462)
(2.2516197922176566, 34.17193000900063)
(-14.506810921903536, 32.26274169979696)
(-10.829855659733447, 25.33309524416881)
(1.9687770797430417, 33.889087296526014)
(-14.789653634378169, 31.97989898732232)
(-12.880465325174448, 23.28248557872785)
(1.6859343672684481, 33.60624458405136)
(-15.072496346852766, 31.697056274847714)
(-10.405591591021533, 25.050252531694177)
(4.3729401357773, 35.586143571373725)
(-15.355339059327406, 31.414213562373085)
(-12.45620125646252, 22.999642866253225)
(4.090097423302687, 35.30330085889909)
(-15.638181771802024, 31.131370849898467)
(-10.05203820042825, 24.696699141100936)
(3.807254710828058, 35.02045814642449)
(-14.71894295625951, 32.757716446627526)
(-12.102647865869237, 22.64608947565996)
(3.524411998353454, 34.737615433949856)
(-15.001785668734136, 32.474873734152915)
(-9.627774131716315, 24.413856428626325)
(3.241569285878832, 34.45477272147524)
(-15.28462838120874, 32.1920310216783)
(-11.678383797157334, 22.363246763185295)
(2.9587265734042028, 34.17193000900063)
(-15.56747109368336, 31.909188309203678)
(-9.274220741123052, 24.06030303803304)
(2.675883860929588, 33.889087296526014)
(-15.850313806157978, 31.626345596729053)
(-11.254119728445378, 22.080404050710722)
(2.3930411484549765, 33.60624458405138)
(-14.789653634378162, 33.39411254969542)
(-8.77924599429247, 23.848171003677063)
(2.1101984359803723, 33.323401871576756)
(-15.072496346852773, 33.11126983722081)
(-10.829855659733461, 21.797561338236072)
(1.8273557235057254, 33.04055915910215)
(-15.355339059327399, 32.82842712474618)
(-8.425692603699183, 23.494617613083793)
(1.544513011031107, 32.75771644662753)
(-15.638181771802024, 32.54558441227156)
(-10.40559159102154, 21.514718625761468)
(1.2616702985565063, 32.474873734152894)
(-15.921024484276636, 32.262741699796955)
(-8.072139213105928, 23.14106422249052)
(4.726493526370593, 35.232590180780434)
(-16.203867196751254, 31.979898987322336)
(-9.981327522309588, 21.23187591328686)
(4.443650813895966, 34.94974746830582)
(-15.00178566873413, 33.889087296526014)
(-7.647875144393989, 22.858221510015902)
(4.160808101421335, 34.66690475583121)
(-15.284628381208755, 33.60624458405138)
(-9.55706345359767, 20.949033200812224)
(3.8779653889467447, 34.384062043356565)
(-15.56747109368336, 33.32340187157677)
(-7.2236110756820615, 22.575378797541298)
(3.5951226764721156, 34.10121933088195)
(-15.850313806157985, 33.040559159102145)
(-9.13279938488574, 20.666190488337612)
(3.3122799639974865, 33.81837661840734)
(-16.13315651863261, 32.75771644662753)
(-6.870057685088778, 22.221825406948014)
(3.0294372515228787, 33.535533905932716)
(-16.41599923110722, 32.474873734152915)
(-8.637824638055154, 20.454058453981652)
(2.7465945390482496, 33.252691193458105)
(-14.789653634378162, 34.80832611206852)
(-6.516504294495512, 21.868272016354723)
(2.463751826573631, 32.969848480983494)
(-15.072496346852787, 34.525483399593895)
(-8.142849891224571, 20.24192641962569)
(2.1809091140990198, 32.68700576850886)
(-15.355339059327399, 34.242640687119284)
(-5.9508188695462785, 21.726850660117435)
(1.8980664016243942, 32.40416305603425)
(-15.638181771802032, 33.959797974644665)
(-7.718585822512633, 19.959083707151095)
(1.6152236891497864, 32.121320343559624)
(-15.921024484276643, 33.67695526217005)
(-16.9816846560564, 18.47415946665931)
(1.3323809766751609, 31.838477631085)
(-16.20386719675127, 33.39411254969542)
(-13.16330803764906, 21.58542930388012)
(1.049538264200514, 31.555634918610416)
(-16.486709909225887, 33.1112698372208)
(-13.446150750123664, 21.30258659140552)
(0.7666955517259169, 31.272792206135776)
(-15.072496346852787, 35.23259018078045)
(-13.728993462598318, 21.01974387893089)
(0.6252741954886041, 31.131370849898463)
(-15.355339059327399, 34.94974746830582)
(-14.011836175072915, 20.736901166456253)
(5.080046916963868, 34.87903679018716)
(-15.63818177180201, 34.66690475583121)
(-14.294678887547533, 20.454058453981673)
(4.797204204489256, 34.596194077712525)
(-15.921024484276636, 34.384062043356586)
(-14.577521600022159, 20.171215741507048)
(4.514361492014627, 34.31335136523792)
(-16.062445840513945, 34.242640687119284)
(-14.860364312496785, 19.888373029032405)
(4.23151877954, 34.03050865276331)
(-6.79934700697018, 34.03050865276331)
(-15.143207024971403, 19.605530316557804)
(3.9486760670653887, 33.74766594028868)
(-7.577164466275374, 33.53553390593273)
(-15.426049737446036, 19.32268760408315)
(3.66583335459077, 33.464823227814065)
(-7.860007178749985, 33.1112698372208)
(-15.70889244992064, 19.039844891608546)
(3.3829906421161517, 33.18198051533944)
(-8.284271247461916, 32.828427124746185)
(-15.921024484276586, 18.827712857252592)
(3.1001479296415226, 32.899137802864836)
(-9.13279938488579, 32.26274169979694)
(-12.314779900225204, 21.726850660117435)
(2.817305217166904, 32.61629509039022)
(-8.708535316173862, 32.545584412271566)
(-12.59762261269983, 21.444007947642817)
(2.5344625046923035, 32.33345237791558)
(-9.769195487953667, 32.19203102167829)
(-12.880465325174434, 21.16116523516819)
(2.251619792217671, 32.05060966544098)
(-7.223611075682104, 33.88908729652601)
(-13.163308037649067, 20.878322522693555)
(1.9687770797430453, 31.767766952966355)
(-10.476302269140206, 32.050609665440994)
(-13.446150750123678, 20.59547981021896)
(1.6859343672684268, 31.48492424049174)
(-11.04198769408945, 32.05060966544099)
(-13.728993462598297, 20.312637097744336)
(1.4030916547938013, 31.202081528017132)
(-11.607673119038704, 32.19203102167828)
(-14.011836175072915, 20.02979438526971)
(1.1202489423192006, 30.919238815542492)
(-12.102647865869272, 32.54558441227157)
(-14.294678887547562, 19.74695167279511)
(0.9081169079632332, 30.707106781186525)
(-12.385490578343891, 32.9698484809835)
(-14.577521600022145, 19.464108960320466)
(5.2921789513198245, 34.384062043356586)
(-12.526911934581214, 33.53553390593272)
(-14.860364312496756, 19.181266247845876)
(5.0093362388452025, 34.10121933088197)
(-12.597622612699872, 34.171930009000626)
(-12.526911934581172, 20.807611844574936)
(4.726493526370589, 33.818376618407335)
(-12.597622612699858, 34.87903679018717)
(-12.809754647055783, 20.52476913210031)
(4.443650813895955, 33.53553390593274)
(-12.456201256462563, 35.58614357137372)
(-13.092597359530409, 20.2419264196257)
(4.16080810142134, 33.252691193458105)
(-12.244069222106589, 36.22253967444161)
(-13.37544007200502, 19.959083707151073)
(3.8779653889467376, 32.96984848098348)
(-11.890515831513323, 36.7175144212722)
(-13.658282784479638, 19.676240994676455)
(3.595122676472105, 32.68700576850887)
(-11.466251762801399, 37.14177848998411)
(-13.941125496954264, 19.39339828220183)
(3.3122799639974865, 32.40416305603425)
(-10.97127701597081, 37.63675323681471)
(-12.456201256462514, 20.171215741507027)
(3.0294372515228716, 32.12132034355963)
(-10.47630226914022, 37.99030662740798)
(-12.739043968937139, 19.888373029032408)
(2.7465945390482567, 31.838477631085002)
(-9.804550827013003, 38.37921535706058)
(-13.021886681411743, 19.605530316557783)
(2.4637518265736205, 31.555634918610405)
(-9.062088706767124, 38.41457069611992)
(-11.607673119038648, 19.605530316557783)
(2.1809091140989985, 31.272792206135783)
(-8.496403281817894, 38.2731493398826)
(-8.56711395993651, 26.181623381592686)
(1.8980664016243836, 30.989949493661165)
(-8.001428534987305, 38.06101730552663)
(-8.284271247461874, 26.464466094067298)
(1.6152236891497722, 30.70710678118654)
(-7.577164466275381, 37.778174593052015)
(-8.001428534987259, 26.74730880654191)
(1.332380976675143, 30.424264068711928)
(-7.506453788156719, 34.313351365237935)
(-7.718585822512658, 27.030151519016535)
(1.1909596204378339, 30.28284271247462)
(-7.789296500631345, 34.03050865276331)
(-8.001428534987276, 26.74730880654191)
(5.575021663794445, 33.95979797464465)
(-8.072139213105956, 33.7476659402887)
(-11.961226509631938, 26.323044737829985)
(5.292178951319821, 33.67695526217004)
(-8.354981925580578, 33.46482322781408)
(-14.011836175072915, 24.272435072388976)
(5.009336238845199, 33.394112549695414)
(-8.637824638055196, 33.18198051533946)
(-11.607673119038683, 25.969491347236684)
(4.726493526370591, 33.11126983722079)
(-7.718585822512676, 34.80832611206852)
(-13.65828278447966, 23.918881681795717)
(4.44365081389596, 32.82842712474618)
(-8.001428534987305, 34.525483399593895)
(-2.7688383542068067, 29.858578643762726)
(4.160808101421347, 32.545584412271566)
(-9.132799384885779, 32.969848480983494)
(-3.0516810666814393, 29.57573593128811)
(3.8779653889467376, 32.26274169979693)
(-10.405591591021565, 34.666904755831204)
(-3.3345237791560507, 29.29289321881348)
(3.595122676472119, 31.979898987322315)
(-8.28427124746191, 34.24264068711928)
(-3.475945135393353, 29.151471862576177)
(3.3122799639974865, 31.697056274847704)
(-8.496403281817887, 34.03050865276332)
(-4.112341238461266, 28.515075759508274)
(3.0294372515228787, 31.414213562373078)
(-9.062088706767117, 33.46482322781408)
(-4.395183950935873, 28.232233047033677)
(2.7465945390482496, 31.131370849898467)
(-9.344931419241746, 33.181980515339454)
(-4.6780266634105026, 27.94939033455904)
(2.4637518265736276, 30.848528137423845)
(-9.627774131716361, 32.89913780286484)
(-5.385133444597049, 27.24228355337249)
(2.1809091140990127, 30.565685424949226)
(-10.405591591021558, 32.12132034355964)
(-1.849599538664311, 30.070710678118683)
(1.8980664016244013, 30.282842712474597)
(-7.8600071787499886, 35.37401153701776)
(-2.1324422511389294, 29.787867965644075)
(1.6152236891497687, 29.999999999999986)
(-8.142849891224614, 35.09116882454314)
(-2.41528496361353, 29.505025253169467)
(1.4738023329124665, 29.858578643762684)
(-8.425692603699229, 34.808326112068514)
(-2.698127676088152, 29.222182540694824)
(5.504310985675767, 33.181980515339475)
(-8.77924599429251, 34.45477272147524)
(-2.9809703885627776, 28.939339828220206)
(5.2214682732011575, 32.89913780286485)
(-9.557063453597717, 33.67695526217004)
(-3.2638131010373854, 28.656497115745587)
(4.938625560726541, 32.61629509039023)
(-9.839906166072339, 33.394112549695414)
(-3.5466558135120323, 28.373654403270965)
(4.655782848251938, 32.333452377915584)
(-10.052038200428292, 33.18198051533946)
(-3.8294985259866294, 28.090811690796357)
(4.3729401357773, 32.05060966544099)
(-10.759144981614853, 32.4748737341529)
(-4.1830519165799025, 27.737258300203084)
(4.090097423302668, 31.767766952966376)
(-7.860007178750003, 36.0811183182043)
(-4.819448019647805, 27.100862197135214)
(3.807254710828076, 31.484924240491743)
(-8.142849891224618, 35.79827560572969)
(-1.9203102167829584, 29.29289321881349)
(3.524411998353443, 31.202081528017132)
(-8.425692603699236, 35.51543289325506)
(-2.203152929257577, 29.01005050633887)
(3.2415692858788425, 30.919238815542492)
(-8.708535316173858, 35.23259018078044)
(-2.4859956417321882, 28.72720779386426)
(2.958726573404217, 30.636396103067884)
(-8.99137802864849, 34.94974746830582)
(-2.7688383542068102, 28.444365081389634)
(2.675883860929595, 30.353553390593266)
(-9.132799384885782, 34.808326112068514)
(-3.051681066681425, 28.161522368915023)
(2.393041148454966, 30.070710678118655)
(-9.769195487953677, 34.171930009000626)
(-4.112341238461244, 27.1008621971352)
(2.1101984359803687, 29.78786796564402)
(-10.0520382004283, 33.889087296526)
(-4.607315985291848, 27.030151519016528)
(1.827355723505729, 29.505025253169418)
(-10.334880912902921, 33.60624458405139)
(-2.6274169979695117, 28.444365081389627)
(1.6152236891497829, 29.292893218813433)
(-11.04198769408946, 32.899137802864836)
(-2.9102597104441337, 27.454415587728466)
(5.292178951319823, 32.26274169979695)
(-8.213560569343262, 36.43467170879758)
(-1.8495995386642967, 28.515075759508292)
(5.009336238845201, 31.979898987322322)
(-8.496403281817887, 36.15182899632296)
(-1.2839141137150563, 29.363603896932144)
(4.726493526370593, 31.697056274847693)
(-8.779245994292502, 35.868986283848336)
(-1.1424927574777541, 30.070710678118672)
(4.443650813895957, 31.414213562373096)
(-9.062088706767124, 35.586143571373725)
(-1.4960461480710237, 28.868629150101565)
(4.160808101421354, 31.131370849898456)
(-9.344931419241743, 35.3033008588991)
(-2.132442251138915, 28.090811690796343)
(3.877965388946727, 30.84852813742385)
(-9.627774131716361, 35.02045814642448)
(-2.4859956417322095, 27.737258300203088)
(3.5951226764720943, 30.565685424949237)
(-9.91061684419099, 34.73761543394986)
(-3.5466558135120003, 27.242283553372502)
(3.3122799639974687, 30.282842712474633)
(-10.193459556665616, 34.45477272147524)
(2.7465945390482567, 25.757359312880755)
(3.0294372515228893, 29.99999999999997)
(-10.547012947258875, 34.101219330881975)
(2.4637518265736453, 25.474516600406144)
(2.7465945390482602, 29.717157287525364)
(-11.183409050326766, 33.46482322781408)
(2.180909114099009, 25.19167388793151)
(2.463751826573642, 29.434314575050742)
(-8.991378028648473, 36.36396103067892)
(1.8980664016243942, 24.908831175456893)
(2.1809091140990233, 29.151471862576123)
(-9.274220741123095, 36.081118318204304)
(1.6152236891497935, 24.625988462982274)
(1.8980664016243942, 28.86862915010152)
(-9.557063453597717, 35.798275605729685)
(1.3323809766751715, 24.343145750507652)
(1.7566450453870743, 28.727207793864217)
(-9.839906166072335, 35.51543289325507)
(1.0495382642005566, 24.060303038033027)
(5.362889629438476, 31.62634559672905)
(-10.12274887854695, 35.23259018078045)
(-12.314779900225211, 21.72685066011742)
(5.080046916963845, 31.343502884254438)
(-11.18340905032677, 34.17193000900063)
(-15.143207024971389, 18.898423535371258)
(4.797204204489253, 31.060660171779787)
(-11.254119728445414, 33.676955262170054)
(-12.244069222106553, 21.09045455704954)
(4.51436149201462, 30.777817459305194)
(-9.839906166072339, 35.65685424949237)
(-14.294678887547526, 19.039844891608567)
(4.231518779540011, 30.494974746830565)
(-10.829855659733504, 35.374011537017765)
(-12.173358543987902, 20.454058453981645)
(3.9486760670653815, 30.212132034355953)
(-9.769195487953663, 36.43467170879757)
(-13.234018715767725, 19.393398282201822)
(3.665833354590756, 29.92928932188133)
(-8.920667350529808, 37.00035713374682)
(-12.17335854398788, 19.746951672795092)
(3.3829906421161304, 29.646446609406727)
(-8.213560569343276, 37.14177848998412)
(-15.991735162395244, 21.585429303880133)
(3.1001479296415155, 29.36360389693211)
(-9.415642097360411, 36.78822509939085)
(-16.27457787486985, 21.302586591405515)
(2.817305217166915, 29.080761184457465)
(-10.19345955666562, 36.151828996322955)
(-16.557420587344488, 21.01974387893089)
(2.534462504692293, 28.797918471982847)
(-10.547012947258885, 35.798275605729685)
(-16.840263299819092, 20.73690116645625)
(2.25161979221766, 28.515075759508253)
(-11.041987694089475, 34.737615433949856)
(-17.123106012293718, 20.45405845398164)
(1.968777079743056, 28.23223304703361)
(-12.526911934581207, 41.030865786510134)
(-16.062445840513902, 20.100505063388376)
(5.6457323419131065, 31.202081528017114)
(-12.80975464705584, 40.748023074035515)
(-16.345288552988535, 19.817662350913764)
(5.362889629438495, 30.91923881554248)
(-13.092597359530465, 40.46518036156091)
(-16.62813126546316, 19.534819638439142)
(5.08004691696387, 30.636396103067877)
(-13.375440072005077, 40.18233764908628)
(-16.91097397793775, 19.251976925964506)
(4.797204204489232, 30.353553390593277)
(-13.658282784479702, 39.89949493661165)
(-15.991735162395244, 20.878322522693587)
(4.514361492014629, 30.070710678118637)
(-13.941125496954314, 39.61665222413704)
(-16.274577874869856, 20.595479810218976)
(4.231518779539966, 29.787867965644054)
(-14.223968209428932, 39.33380951166242)
(-16.55742058734451, 20.312637097744343)
(3.9486760670653887, 29.505025253169396)
(-14.506810921903543, 39.05096679918781)
(-16.840263299819114, 20.02979438526974)
(3.66583335459077, 29.222182540694778)
(-14.789653634378169, 38.76812408671319)
(-17.123106012293725, 19.746951672795106)
(3.3829906421161517, 28.939339828220156)
(-15.072496346852787, 38.48528137423857)
(-17.40594872476833, 19.46410896032048)
(3.100147929641512, 28.65649711574556)
(-15.355339059327413, 38.202438661763935)
(-17.688791437242962, 19.18126624784587)
(2.8173052171669113, 28.37365440327092)
(-15.638181771802024, 37.91959594928933)
(-14.789653634378112, 20.666190488337623)
(2.534462504692293, 28.0908116907963)
(-15.921024484276643, 37.63675323681471)
(-15.072496346852724, 20.383347775862994)
(2.2516197922176815, 27.807968978321686)
(-16.203867196751254, 37.35391052434009)
(-15.355339059327349, 20.100505063388386)
(1.968777079743063, 27.525126265847067)
(-16.486709909225887, 37.07106781186547)
(-15.638181771801982, 19.817662350913775)
(5.645732341913103, 30.49497474683056)
(-16.769552621700498, 36.78822509939085)
(-15.9210244842766, 19.534819638439153)
(5.362889629438504, 30.21213203435592)
(-17.052395334175117, 36.50538238691623)
(-16.203867196751204, 19.251976925964527)
(5.0800469169638625, 29.92928932188132)
(-12.385490578343912, 41.455129855222054)
(-16.48670990922583, 18.969134213489927)
(4.797204204489246, 29.646446609406706)
(-11.749094475276014, 42.79863273947652)
(-16.769552621700463, 18.686291501015315)
(4.514361492014629, 29.363603896932087)
(-12.173358543987952, 42.09152595828995)
(-0.29396462005391655, 27.80796897832174)
(4.231518779540011, 29.080761184457472)
(-11.324830406564086, 43.505739520663056)
(0.09494410959871402, 28.47972042044897)
(3.948676067065392, 28.79791847198285)
(-10.264170234784267, 44.707821048680174)
(0.13029944865803955, 29.222182540694863)
(3.6658333545907738, 28.515075759508232)
(-10.900566337852162, 43.93000358937499)
(-0.011121907579262569, 29.78786796564409)
(3.382990642116141, 28.23223304703362)
(-16.981684656056466, 37.56604255869605)
(-0.22325394193524417, 30.282842712474654)
(3.1001479296415475, 27.949390334558984)
(-11.607673119038704, 42.94005409571382)
(-0.5060966544098662, 30.707106781186578)
(2.8173052171669184, 27.666547622084376)
(-8.99137802864849, 46.26345596729058)
(-3.970919882223935, 30.77781745930525)
(2.5344625046922964, 27.383704909609758)
(-10.405591591021583, 44.84924240491749)
(-4.253762594698539, 30.49497474683063)
(2.251619792217678, 27.100862197135136)
(-10.8298556597335, 44.42497833620557)
(-4.536605307173179, 30.212132034356003)
(1.9687770797430488, 26.818019484660528)
(-11.536962440920053, 43.717871555019016)
(-4.819448019647783, 29.929289321881402)
(5.857864376269051, 30.000000000000004)
(-16.910973977937815, 38.34386001800124)
(-5.102290732122405, 29.646446609406798)
(5.575021663794452, 29.717157287525364)
(-9.415642097360404, 46.546298679765215)
(-3.4759451353933493, 30.565685424949308)
(5.292178951319832, 29.434314575050745)
(-11.324830406564097, 44.63711037056152)
(-3.7587878478679713, 30.282842712474665)
(5.009336238845213, 29.151471862576123)
(-12.880465325174498, 43.08147545195111)
(-5.3144227664783905, 29.151471862576194)
(4.726493526370605, 28.868629150101498)
(-13.446150750123735, 42.515790027001884)
(-3.6173664916306727, 27.8786796564404)
(4.4436508138959745, 28.585786437626886)
(-14.153257531310274, 41.808683245815345)
(-4.041630560342586, 30.000000000000053)
(4.160808101421376, 28.302943725152247)
(-15.001785668734136, 40.960155108391476)
(-4.253762594698568, 29.787867965644068)
(3.877965388946727, 28.02010101267766)
(-15.708892449920697, 40.25304832720494)
(-4.819448019647783, 29.222182540694835)
(3.5951226764721156, 27.737258300203028)
(-16.41599923110722, 39.54594154601839)
(-5.102290732122427, 28.93933982822021)
(3.3122799639974936, 27.454415587728423)
(-17.123106012293775, 38.83883476483184)
(-5.385133444597049, 28.656497115745587)
(3.029437251522875, 27.171572875253787)
(-9.910616844191, 46.75843071412117)
(-6.162950903902239, 27.8786796564404)
(5.645732341913085, 29.08076118445749)
(-11.819805153394675, 44.84924240491748)
(-2.9102597104441053, 30.424264068711967)
(5.362889629438486, 28.79791847198285)
(-13.799704140716997, 42.86934341759516)
(-3.1931024229187344, 30.141421356237373)
(5.080046916963868, 28.515075759508232)
(-14.789653634378176, 41.87939392393398)
(-3.47594513539336, 29.85857864376273)
(4.797204204489246, 28.23223304703361)
(-16.133156518632603, 40.535891039679555)
(-3.8294985259866223, 29.505025253169467)
(4.514361492014649, 27.94939033455897)
(-10.759144981614842, 46.61700935788386)
(-4.607315985291823, 28.72720779386427)
(4.231518779540009, 27.666547622084373)
(-12.456201256462556, 44.91995308303614)
(-4.890158697766445, 28.444365081389645)
(4.090097423302719, 27.525126265847042)
(-13.799704140717019, 43.57645019878171)
(-5.102290732122416, 28.23223304703369)
(5.5043109856757955, 28.23223304703361)
(-15.284628381208755, 42.09152595828995)
(-5.809397513308966, 27.525126265847145)
(5.221468273201177, 27.94939033455899)
(-16.55742058734453, 40.81873375215417)
(-2.2031529292575556, 30.424264068711985)
(4.797204204489251, 27.525126265847067)
(-11.395541084682755, 46.68772003600252)
(-2.4859956417321882, 30.141421356237373)
(-7.223611075682069, 26.818019484660528)
(-13.799704140717004, 44.28355697996825)
(5.009336238845233, 43.29360748630713)
(-7.365032431919378, 27.38370490960977)
(-13.658282784479695, 44.42497833620556)
(-11.466251762801352, 20.454058453981663)
(-7.223611075682058, 26.818019484660518)
(-16.910973977937807, 41.17228714274745)
(-11.466251762801335, 20.02979438526974)
(-7.506453788156659, 26.53517677218588)
(-12.314779900225254, 46.47558800164656)
(-11.536962440920004, 21.373297269524183)
(-7.789296500631277, 26.25233405971126)
(-13.23401871576776, 44.84924240491748)
(-11.466251762801345, 20.878322522693594)
(-8.072139213105917, 25.969491347236662)
(-15.850313806158006, 42.94005409571381)
(-15.708892449920619, 22.575378797541305)
(-8.354981925580553, 25.686648634762065)
(-17.123106012293782, 41.66726188957802)
(-17.335238046649685, 20.94903320081226)
(-8.637824638055136, 25.403805922287397)
(-13.44615075012372, 46.05132393293462)
(-15.991735162395273, 22.292536085066672)
(-7.082189719444752, 26.25233405971128)
(-15.355339059327392, 45.1320851173921)
(-16.274577874869834, 22.00969337259209)
(-7.365032431919371, 25.969491347236662)
(-14.011836175072979, 45.90990257669731)
(-16.557420587344502, 21.726850660117446)
(-7.647875144393989, 25.68664863476204)
(-12.951176003293135, 46.2634559672906)
(-16.840263299819092, 21.444007947642852)
(-7.930717856868611, 25.40380592228742)
(-12.314779900225268, 43.36431816442574)
(-17.12310601229374, 21.161165235168188)
(-8.21356056934323, 25.120963209812803)
(-14.4361002437849, 41.52584053334071)
(-15.70889244992064, 21.868272016354737)
(-8.496403281817848, 24.838120497338185)
(-15.708892449920683, 42.37436867076457)
(-17.33523804664968, 20.2419264196257)
(-8.779245994292467, 24.555277784863563)
(-15.355339059327413, 44.142135623730944)
(-15.708892449920626, 21.1611652351682)
(-6.940768363207443, 25.68664863476204)
(-15.708892449920675, 43.50573952066305)
(-17.900923471598915, 18.969134213489916)
(-7.223611075682058, 25.403805922287425)
(-16.91097397793782, 42.58650070512054)
(-15.77960312803927, 20.383347775863008)
(-7.50645378815668, 25.1209632098128)
(-14.648232278140867, 45.55634918610403)
(-17.193816690412397, 18.969134213489905)
(-7.789296500631298, 24.83812049733818)
(-16.698841943581854, 43.505739520663056)
(-17.193816690412355, 18.262027432303356)
(-8.072139213105935, 24.555277784863584)
(-15.92102448427665, 44.70782104868018)
(-14.506810921903494, 20.949033200812238)
(-8.354981925580532, 24.272435072388948)
(-16.62813126546319, 44.00071426749363)
(-12.880465325174441, 21.868272016354748)
(-8.637824638055172, 23.989592359914354)
(-16.557420587344538, 40.818733752154166)
(-16.062445840513902, 18.686291501015305)
(-8.920667350529776, 23.706749647439707)
(-17.61808075912436, 40.46518036156088)
(-4.041630560342586, 22.22182540694801)
(-6.728636328851476, 25.191673887931458)
(-18.39589821842955, 40.11162697096763)
(-4.253762594698568, 31.484924240491807)
(-7.011479041326091, 24.908831175456843)
(-19.24442635585342, 39.54594154601838)
(-4.748737341529164, 30.70710678118657)
(-7.29432175380072, 24.625988462982217)
(-20.092954493277254, 18.19131675418467)
(-5.173001410241081, 30.42426406871196)
(-7.577164466275356, 24.34314575050762)
(-19.739401102683985, 17.837763363591385)
(-5.455844122715696, 30.00000000000004)
(-7.86000717874996, 24.060303038032988)
(-19.385847712090715, 17.484209972998105)
(-6.021529547664926, 29.151471862576162)
(-8.142849891224582, 23.777460325558373)
(-18.996938982438095, 17.166011921464168)
(-5.738686835190336, 29.5757359312881)
(-8.425692603699208, 23.494617613083758)
(-18.60803025278551, 16.84781386993022)
(-6.0922402257836055, 28.515075759508264)
(-6.587214972614177, 24.625988462982228)
(-18.18376618407357, 16.564971157455602)
(-4.395183950935884, 31.06066017177986)
(-6.8700576850887884, 24.343145750507603)
(-17.688791437242983, 16.35283912309964)
(-6.233661582020925, 27.807968978321725)
(-7.1529003975634105, 24.060303038032984)
(-17.264527368531056, 16.069996410625023)
(-6.233661582020908, 27.24228355337249)
(-7.435743110038036, 23.777460325558373)
(-16.840263299819135, 15.787153698150398)
(-6.092240225783595, 26.676598128423233)
(-7.7185858225126545, 23.49461761308376)
(-16.415999231107207, 15.504310985675774)
(-5.738686835190329, 26.18162338159267)
(-8.001428534987276, 23.21177490060914)
(-15.850313806157963, 15.362889629438465)
(-5.314422766478401, 25.89878066911804)
(-6.375082938258224, 24.131013716151653)
(-15.28462838120874, 15.221468273201149)
(-4.748737341529164, 25.757359312880737)
(-6.657925650732839, 23.848171003677027)
(-14.789653634378148, 15.009336238845192)
(-4.112341238461262, 25.686648634762072)
(-6.940768363207457, 23.565328291202412)
(-14.294678887547569, 14.797204204489226)
(-3.4052344572747195, 25.686648634762076)
(-7.223611075682079, 23.2824855787278)
(-13.658282784479667, 14.72649352637058)
(-2.698127676088184, 25.828069990999396)
(-7.506453788156687, 22.999642866253165)
(-13.021886681411772, 14.65578284825193)
(-2.061731573020282, 26.040202025355345)
(-6.021529547664937, 23.77746032555837)
(-12.385490578343891, 14.58507217013326)
(-1.5667568261897031, 26.393755415948615)
(-6.3043722601395515, 23.494617613083747)
(-11.749094475275989, 14.514361492014606)
(-1.142492757477772, 26.818019484660553)
(-6.587214972614166, 23.21177490060912)
(-11.041987694089435, 14.514361492014615)
(-0.6475180106471932, 27.312994231491132)
(-6.8700576850887956, 22.928932188134514)
(-10.193459556665577, 14.655782848251926)
(-16.698841943581833, 18.049895397947335)
(-7.152900397563414, 22.64608947565988)
(-9.48635277547902, 14.65578284825193)
(-16.13315651863259, 17.908474041710043)
(-5.5265548008343615, 23.5653282912024)
(-8.70853531617383, 14.726493526370572)
(-15.496760415564694, 17.8377633635914)
(-5.809397513308969, 23.28248557872778)
(-7.9307178568686325, 14.797204204489232)
(-14.860364312496792, 17.767052685472734)
(-6.092240225783598, 22.99964286625317)
(-7.08218971944477, 14.938625560726534)
(-14.153257531310246, 17.76705268547274)
(-6.375082938258217, 22.71680015377855)
(-6.233661582020908, 15.080046916963855)
(-13.375440072005048, 17.837763363591385)
(-6.657925650732839, 22.43395744130394)
(-5.314422766478408, 15.292178951319809)
(-12.809754647055819, 18.120606076066018)
(-4.890158697766449, 23.494617613083737)
(-4.112341238461262, 15.787153698150401)
(-12.350135239284562, 18.509514805718613)
(-5.173001410241085, 23.211774900609136)
(-3.1223917448001046, 16.069996410625016)
(-11.96122650963196, 18.969134213489856)
(-5.455844122715707, 22.928932188134514)
(-1.9910208949016273, 16.494260479336944)
(-11.678383797157341, 22.08040405071067)
(-5.738686835190332, 22.6460894756599)
(-1.142492757477772, 16.918524548048868)
(-11.607673119038676, 21.726850660117393)
(-6.021529547664958, 22.363246763185288)
(-0.15254326381661087, 17.62563132923542)
(-3.4759451353933883, 23.494617613083765)
(-6.304372260139555, 22.080404050710655)
(0.5545635173699459, 18.33273811042197)
(-3.758787847867989, 23.211774900609175)
(-4.3951839509358805, 23.282485578727787)
(-18.749451609022813, 19.534819638439096)
(-4.041630560342615, 22.928932188134546)
(-4.678026663410478, 22.999642866253154)
(-18.042344827836274, 18.827712857252553)
(-4.324473272817233, 22.64608947565995)
(-4.960869375885114, 22.716800153778536)
(-18.395898218429544, 19.181266247845826)
(-4.607315985291837, 22.363246763185327)
(-5.243712088359729, 22.433957441303924)
(-18.042344827836274, 18.827712857252543)
(-4.890158697766463, 22.080404050710698)
(-5.526554800834347, 22.151114728829306)
(-17.618080759124346, 18.54487014477793)
(-5.173001410241088, 21.797561338236072)
(-5.809397513308976, 21.86827201635469)
(-17.12310601229376, 18.33273811042196)
(-3.051681066681457, 23.21177490060917)
(-3.3345237791560507, 22.928932188134503)
(-3.6173664916306976, 22.646089475659906)
(-3.900209204105309, 22.363246763185295)
(-3.7587878478679926, 40.18233764908628)
(1.8980664016243765, 34.5254833995939)
