(20.000000000000007, 36.69999999999996)
(23.499999999999986, 24.900000000000002)
(21.50000000000001, 8.400000000000023)
(20.500000000000007, 36.69999999999996)
(23.499999999999986, 27.7)
(22.00000000000001, 6.100000000000017)
(21.000000000000014, 36.69999999999996)
(23.999999999999986, 24.700000000000003)
(22.00000000000001, 6.500000000000014)
(21.48152315105805, 36.637752985543656)
(24.03547663943013, 27.596884558977578)
(22.01046406871989, 6.930202178923127)
(22.000000000000007, 36.59999999999998)
(24.499999999999986, 24.700000000000003)
(22.00000000000001, 7.3000000000000185)
(22.499999999999993, 36.49999999999997)
(24.500000000000014, 27.5)
(22.00000000000001, 7.700000000000026)
(23.00000000000002, 36.29999999999998)
(24.999999999999986, 24.699999999999996)
(22.00000000000001, 8.100000000000026)
(23.500000000000014, 36.199999999999974)
(24.99999999999997, 27.400000000000002)
(22.000000000000007, 8.500000000000009)
(24.000000000000014, 36.09999999999998)
(25.499999999999986, 24.600000000000005)
(22.50000000000001, 6.200000000000017)
(24.500000000000007, 35.99999999999996)
(25.499999999999986, 27.299999999999997)
(22.500000000000014, 6.600000000000026)
(25.0, 35.699999999999974)
(25.999999999999986, 24.499999999999996)
(22.500000000000007, 7.000000000000028)
(25.500000000000014, 35.39999999999996)
(25.99999999999997, 27.2)
(22.500000000000014, 7.4000000000000234)
(26.00000000000002, 35.19999999999996)
(26.49999999999998, 24.5)
(22.50000000000001, 7.800000000000022)
(26.500000000000007, 34.999999999999986)
(26.499999999999986, 26.999999999999996)
(22.50000000000001, 8.200000000000028)
(27.000000000000007, 34.59999999999998)
(26.999999999999986, 24.499999999999996)
(22.50000000000001, 8.60000000000002)
(27.500000000000007, 34.19999999999996)
(26.99999999999998, 26.799999999999994)
(23.000000000000014, 6.300000000000022)
(28.0, 33.79999999999998)
(27.499999999999993, 24.199999999999996)
(23.00000000000001, 6.700000000000024)
(28.5, 33.39999999999999)
(27.500000000000007, 26.699999999999992)
(23.00000000000002, 7.100000000000023)
(29.00000000000002, 32.89999999999998)
(27.99999999999997, 23.999999999999993)
(23.00000000000002, 7.500000000000032)
(29.500000000000007, 32.19999999999996)
(28.000000000000007, 26.499999999999996)
(23.000000000000018, 7.9000000000000306)
(30.000000000000036, 31.69999999999996)
(28.49999999999997, 23.5)
(23.00000000000001, 8.300000000000026)
(30.500000000000014, 31.09999999999998)
(28.49999999999997, 26.299999999999994)
(23.00000000000002, 8.700000000000038)
(31.000000000000007, 30.499999999999986)
(29.0, 23.199999999999996)
(23.500000000000007, 6.800000000000026)
(31.500000000000007, 29.799999999999997)
(28.999999999999993, 26.099999999999994)
(23.500000000000004, 7.200000000000031)
(31.999999999999993, 29.099999999999994)
(29.49999999999998, 22.999999999999996)
(23.500000000000014, 7.600000000000023)
(32.50000000000003, 28.299999999999983)
(29.499999999999986, 25.8)
(23.500000000000014, 8.000000000000028)
(33.000000000000014, 27.09999999999998)
(29.99999999999998, 22.7)
(23.500000000000007, 8.400000000000027)
(33.50000000000002, 26.199999999999974)
(29.999999999999986, 25.5)
(23.500000000000007, 8.800000000000018)
(34.000000000000014, 25.09999999999995)
(30.499999999999986, 22.299999999999997)
(23.50000000000002, 9.200000000000031)
(34.30000000000001, 24.199999999999974)
(30.499999999999986, 25.2)
(24.000000000000014, 7.000000000000021)
(34.500000000000014, 22.99999999999997)
(30.999999999999993, 21.199999999999996)
(24.000000000000014, 7.400000000000027)
(34.5, 21.99999999999997)
(30.999999999999986, 24.9)
(24.000000000000007, 7.800000000000026)
(20.0, 34.79999999999997)
(31.49999999999997, 21.1)
(24.000000000000014, 8.20000000000002)
(21.000000000000014, 34.8)
(31.499999999999986, 24.299999999999997)
(24.000000000000007, 8.600000000000021)
(20.5, 34.79999999999997)
(31.99999999999998, 21.200000000000003)
(24.000000000000007, 9.000000000000021)
(21.00000000000002, 34.79999999999997)
(31.99999999999998, 23.8)
(24.000000000000007, 9.400000000000023)
(21.5, 34.699999999999974)
(32.499999999999986, 21.999999999999996)
(24.500000000000014, 7.200000000000021)
(22.000000000000007, 34.49999999999997)
(32.49999999999998, 22.999999999999993)
(24.50000000000001, 7.600000000000033)
(22.5, 34.39999999999996)
(20.0, 16.299999999999997)
(24.50000000000001, 8.000000000000021)
(22.999999999999993, 34.09999999999998)
(20.0, 8.399999999999999)
(24.500000000000014, 8.400000000000038)
(23.500000000000014, 33.699999999999974)
(20.499999999999986, 16.3)
(24.50000000000002, 8.800000000000033)
(24.000000000000014, 33.3)
(20.5, 8.500000000000002)
(24.500000000000014, 9.20000000000002)
(24.500000000000014, 32.79999999999998)
(20.999999999999986, 16.250000000000004)
(24.500000000000007, 9.60000000000002)
(25.000000000000007, 32.199999999999974)
(20.999999999999993, 8.599999999999998)
(24.500000000000007, 10.000000000000028)
(25.200000000000003, 31.59999999999998)
(21.5, 16.2)
(24.50000000000001, 10.400000000000027)
(25.250000000000007, 30.999999999999986)
(21.499999999999993, 8.699999999999996)
(25.00000000000001, 7.10000000000003)
(25.199999999999996, 30.399999999999977)
(22.0, 8.899999999999997)
(25.000000000000014, 7.500000000000043)
(23.199508170961685, 27.994133406662456)
(22.003403519798866, 16.14934160905091)
(25.004354965430565, 7.911468416090525)
(23.50000000000003, 28.199999999999974)
(22.499999999999986, 9.000000000000004)
(25.000000000000018, 8.300000000000022)
(20.000000000000007, 1.1999999999999744)
(22.5, 15.999999999999995)
(25.000000000000014, 8.70000000000002)
(24.500000000000007, 28.999999999999957)
(23.0, 9.2)
(25.000000000000018, 9.100000000000023)
(24.799999999999997, 29.29999999999997)
(22.999999999999986, 15.9)
(25.000000000000014, 9.500000000000021)
(23.80000000000001, 28.399999999999977)
(23.499999999999986, 9.600000000000001)
(25.000000000000018, 9.90000000000002)
(24.20000000000001, 28.69999999999996)
(23.499999999999986, 15.5)
(25.000000000000007, 10.300000000000022)
(20.0, 30.49999999999997)
(23.999999999999986, 10.0)
(25.00000000000001, 10.700000000000035)
(20.000000000000014, 32.8)
(23.99999999999997, 15.0)
(25.000000000000014, 11.100000000000016)
(20.0, 30.89999999999999)
(24.599999999999994, 10.7)
(25.00000000000001, 11.500000000000018)
(20.000000000000007, 31.29999999999997)
(24.599999999999994, 14.599999999999998)
(25.500000000000014, 7.100000000000033)
(20.0, 31.699999999999974)
(25.19999999999999, 12.000000000000002)
(25.50000000000001, 7.500000000000028)
(20.000000000000007, 32.099999999999966)
(25.299999999999997, 12.600000000000001)
(25.50000000000001, 7.9000000000000234)
(20.000000000000007, 32.49999999999996)
(25.199999999999974, 13.4)
(25.50000000000002, 8.300000000000033)
(20.500000000000007, 30.999999999999957)
(25.299999999999997, 12.8)
(25.500000000000014, 8.700000000000028)
(20.500000000000007, 33.29999999999997)
(20.5, 1.300000000000007)
(25.500000000000014, 9.100000000000023)
(21.000000000000014, 31.49999999999997)
(20.99999999999997, 1.4000000000000012)
(25.500000000000004, 9.500000000000021)
(21.000000000000014, 34.599999999999994)
(21.499999999999986, 1.5000000000000018)
(25.500000000000007, 9.900000000000034)
(21.50000000000002, 32.09999999999995)
(21.999999999999986, 1.599999999999997)
(25.50000000000002, 10.300000000000033)
(21.500000000000014, 34.09999999999998)
(22.5, 1.700000000000001)
(25.500000000000007, 10.700000000000031)
(22.000000000000007, 34.599999999999966)
(22.999999999999986, 1.8999999999999986)
(25.500000000000014, 11.10000000000003)
(22.000000000000007, 30.799999999999955)
(23.5, 1.9999999999999991)
(25.500000000000014, 11.500000000000028)
(22.500000000000007, 28.999999999999943)
(23.99999999999998, 2.1999999999999984)
(25.500000000000014, 11.900000000000027)
(22.5, 33.49999999999997)
(24.5, 2.3999999999999986)
(25.500000000000014, 12.30000000000004)
(23.000000000000007, 28.69999999999996)
(24.999999999999993, 2.6000000000000005)
(25.500000000000007, 12.700000000000017)
(23.000000000000007, 32.699999999999974)
(25.500000000000014, 2.800000000000008)
(25.5, 12.900000000000034)
(23.500000000000007, 29.099999999999966)
(25.999999999999986, 3.100000000000004)
(26.0, 7.10000000000003)
(23.500000000000014, 31.999999999999957)
(26.49999999999998, 3.299999999999999)
(26.0, 7.500000000000043)
(24.000000000000007, 29.49999999999997)
(27.000000000000014, 3.6000000000000014)
(26.000000000000014, 7.900000000000027)
(24.0, 30.99999999999997)
(27.500000000000014, 3.8999999999999977)
(26.00000000000002, 8.300000000000026)
(24.5, 30.0)
(28.0, 4.200000000000001)
(26.000000000000014, 8.700000000000038)
(20.5, 31.399999999999963)
(28.49999999999998, 4.500000000000002)
(26.000000000000014, 9.10000000000003)
(20.500000000000014, 31.799999999999983)
(28.999999999999986, 4.900000000000004)
(26.0, 9.500000000000028)
(20.500000000000007, 32.199999999999974)
(29.5, 5.300000000000001)
(26.000000000000014, 9.90000000000002)
(20.500000000000007, 32.599999999999966)
(30.0, 5.800000000000004)
(26.000000000000007, 10.300000000000026)
(20.500000000000014, 32.999999999999986)
(30.499999999999986, 6.400000000000002)
(26.0, 10.700000000000017)
(21.5, 32.499999999999986)
(30.999999999999993, 6.999999999999999)
(26.000000000000007, 11.10000000000003)
(21.500000000000014, 32.89999999999996)
(31.399999999999984, 7.700000000000001)
(26.000000000000014, 11.500000000000021)
(21.50000000000002, 33.299999999999955)
(31.69999999999999, 8.500000000000004)
(26.000000000000014, 11.900000000000027)
(21.5, 33.699999999999974)
(32.0, 10.3)
(26.000000000000014, 12.300000000000018)
(21.000000000000007, 31.899999999999963)
(31.500000000000014, 8.0)
(26.000000000000014, 12.700000000000017)
(21.00000000000002, 32.29999999999994)
(31.99999999999997, 9.499999999999998)
(26.000000000000018, 13.000000000000036)
(21.000000000000014, 32.69999999999999)
(20.0, 3.7999999999999994)
(26.500000000000004, 7.300000000000026)
(21.000000000000007, 33.09999999999995)
(20.49999999999997, 3.9000000000000057)
(26.500000000000018, 7.700000000000028)
(21.000000000000007, 33.49999999999997)
(20.999999999999986, 4.000000000000001)
(26.500000000000007, 8.100000000000026)
(21.00000000000002, 33.899999999999935)
(21.5, 4.100000000000001)
(26.50000000000002, 8.500000000000021)
(21.000000000000014, 34.299999999999955)
(22.0, 4.200000000000003)
(26.50000000000001, 8.900000000000034)
(21.999999999999993, 31.199999999999974)
(22.499999999999986, 4.300000000000001)
(26.500000000000007, 9.300000000000015)
(22.000000000000007, 31.599999999999966)
(19.999999999999986, 5.100000000000005)
(26.500000000000014, 9.700000000000024)
(22.00000000000002, 31.999999999999943)
(20.49999999999997, 5.149999999999997)
(26.500000000000018, 10.100000000000033)
(22.000000000000007, 32.39999999999995)
(21.0, 5.200000000000007)
(26.500000000000007, 10.500000000000028)
(22.000000000000014, 32.79999999999998)
(21.499999999999986, 5.349999999999998)
(26.500000000000007, 10.900000000000013)
(22.000000000000007, 33.199999999999974)
(22.0, 5.3800000000000034)
(26.500000000000004, 11.300000000000033)
(22.00000000000002, 33.59999999999995)
(22.499999999999986, 5.4000000000000075)
(26.500000000000014, 11.700000000000028)
(22.000000000000014, 33.999999999999986)
(23.0, 5.600000000000004)
(26.500000000000007, 12.100000000000033)
(22.0, 34.299999999999955)
(23.49999999999997, 5.700000000000001)
(26.500000000000004, 12.50000000000001)
(22.499999999999986, 29.399999999999977)
(23.99999999999997, 5.900000000000002)
(26.500000000000014, 12.900000000000038)
(22.500000000000014, 29.79999999999997)
(24.499999999999993, 6.000000000000002)
(26.500000000000007, 13.10000000000002)
(22.500000000000014, 30.199999999999974)
(25.000000000000014, 6.200000000000003)
(27.000000000000014, 7.400000000000016)
(22.500000000000014, 30.599999999999994)
(19.999999999999986, 6.5)
(27.00000000000001, 7.8000000000000185)
(22.5, 30.999999999999943)
(19.999999999999986, 6.899999999999999)
(27.00000000000001, 8.20000000000002)
(22.5, 31.399999999999977)
(20.0, 7.299999999999997)
(27.000000000000014, 8.600000000000026)
(22.500000000000007, 31.799999999999983)
(19.99999999999997, 7.699999999999999)
(27.000000000000007, 9.000000000000014)
(22.500000000000014, 32.19999999999996)
(19.999999999999986, 8.099999999999998)
(27.000000000000014, 9.400000000000027)
(22.500000000000007, 32.59999999999998)
(20.5, 6.3000000000000025)
(27.000000000000018, 9.800000000000015)
(22.50000000000002, 32.99999999999996)
(20.499999999999986, 6.700000000000001)
(27.00000000000001, 10.200000000000014)
(22.50000000000003, 33.299999999999955)
(20.499999999999957, 7.100000000000003)
(27.00000000000002, 10.600000000000023)
(23.0, 28.69999999999996)
(20.5, 7.499999999999999)
(27.000000000000014, 11.000000000000025)
(23.000000000000007, 29.099999999999966)
(20.499999999999986, 7.899999999999999)
(27.00000000000001, 11.400000000000023)
(23.000000000000014, 29.499999999999957)
(20.499999999999986, 8.299999999999999)
(27.000000000000018, 11.800000000000036)
(23.00000000000002, 29.899999999999935)
(20.999999999999986, 6.100000000000003)
(27.000000000000014, 12.200000000000024)
(23.000000000000007, 30.29999999999997)
(20.999999999999986, 6.500000000000005)
(27.0, 12.600000000000016)
(23.00000000000002, 30.699999999999974)
(21.0, 6.900000000000004)
(27.000000000000004, 13.000000000000021)
(23.000000000000007, 31.099999999999966)
(21.0, 7.300000000000004)
(27.000000000000014, 13.200000000000028)
(23.000000000000007, 31.49999999999997)
(21.0, 7.700000000000003)
(27.50000000000001, 8.000000000000025)
(23.0, 31.89999999999999)
(21.000000000000014, 8.100000000000001)
(27.50000000000002, 8.40000000000003)
(23.000000000000014, 32.299999999999926)
(21.0, 8.500000000000004)
(27.500000000000007, 8.80000000000003)
(23.500000000000014, 29.499999999999943)
(21.499999999999986, 5.999999999999999)
(27.500000000000014, 9.200000000000045)
(23.500000000000014, 29.899999999999977)
(21.499999999999986, 6.400000000000006)
(27.500000000000014, 9.60000000000003)
(23.5, 30.299999999999983)
(21.499999999999986, 6.800000000000004)
(27.500000000000018, 10.000000000000039)
(23.500000000000014, 30.69999999999996)
(21.5, 7.200000000000005)
(27.500000000000025, 10.400000000000038)
(23.50000000000002, 31.09999999999998)
(21.5, 7.600000000000005)
(27.50000000000002, 10.800000000000036)
(23.500000000000007, 31.499999999999943)
(21.5, 8.0)
(27.50000000000002, 11.200000000000038)
(24.0, 29.899999999999977)
(17.5, 16.0)
(27.500000000000014, 11.600000000000028)
(24.000000000000014, 30.299999999999955)
(16.99999999999997, 9.200000000000005)
(27.500000000000014, 12.000000000000028)
(24.000000000000007, 30.699999999999946)
(16.99999999999997, 15.9)
(27.500000000000014, 12.400000000000029)
(25.000000000000007, 29.69999999999996)
(16.5, 9.600000000000003)
(27.500000000000014, 12.800000000000022)
(22.500000000000014, 22.899999999999963)
(16.499999999999986, 15.5)
(27.500000000000007, 13.200000000000026)
(22.50000000000002, 22.499999999999986)
(15.999999999999986, 9.999999999999998)
(27.500000000000014, 13.500000000000028)
(22.500000000000014, 22.09999999999995)
(16.0, 15.0)
(28.000000000000014, 8.800000000000018)
(22.500000000000007, 21.69999999999996)
(15.399999999999991, 10.700000000000001)
(28.000000000000018, 9.200000000000026)
(22.500000000000007, 22.099999999999966)
(15.399999999999991, 14.6)
(28.000000000000014, 9.600000000000035)
(20.0, 25.19999999999996)
(14.799999999999983, 11.999999999999998)
(28.000000000000014, 10.000000000000032)
(20.000000000000014, 28.09999999999995)
(14.699999999999989, 12.599999999999998)
(28.000000000000018, 10.40000000000002)
(20.500000000000014, 25.19999999999996)
(14.799999999999997, 13.399999999999999)
(28.000000000000007, 10.80000000000003)
(20.5, 28.099999999999966)
(14.699999999999989, 12.800000000000002)
(28.00000000000002, 11.200000000000035)
(21.0, 25.09999999999998)
(19.5, 1.300000000000003)
(28.000000000000007, 11.60000000000003)
(21.000000000000014, 28.099999999999937)
(18.99999999999997, 1.4000000000000044)
(28.000000000000014, 12.000000000000036)
(21.500000000000014, 25.099999999999923)
(18.49999999999997, 1.5000000000000053)
(28.000000000000014, 12.40000000000003)
(21.499999999999993, 27.999999999999943)
(17.999999999999986, 1.5999999999999965)
(28.000000000000018, 12.800000000000036)
(22.000000000000014, 24.999999999999943)
(17.5, 1.6999999999999966)
(28.000000000000014, 13.200000000000017)
(22.000000000000007, 27.89999999999995)
(17.000000000000014, 1.9000000000000057)
(28.00000000000001, 13.600000000000023)
(22.500000000000014, 24.99999999999993)
(16.499999999999957, 2.000000000000004)
(28.00000000000001, 13.800000000000026)
(22.5, 27.899999999999963)
(15.999999999999972, 2.2000000000000015)
(28.500000000000014, 9.200000000000028)
(23.000000000000014, 24.899999999999963)
(15.5, 2.3999999999999986)
(28.500000000000007, 9.60000000000004)
(23.0, 27.79999999999994)
(15.0, 2.599999999999996)
(28.500000000000025, 10.00000000000005)
(7.500000000000014, 16.999999999999957)
(14.499999999999957, 2.8000000000000003)
(28.500000000000014, 10.400000000000034)
(7.5, 17.999999999999957)
(13.999999999999986, 3.100000000000001)
(28.500000000000025, 10.800000000000038)
(7.500000000000014, 18.999999999999957)
(13.5, 3.299999999999998)
(28.500000000000018, 11.200000000000035)
(7.500000000000028, 19.999999999999957)
(12.999999999999972, 3.600000000000003)
(28.500000000000018, 11.600000000000026)
(7.000000000000014, 9.299999999999969)
(12.499999999999986, 3.8999999999999986)
(28.500000000000014, 12.000000000000018)
(7.0, 11.999999999999943)
(11.999999999999986, 4.199999999999998)
(28.500000000000014, 12.400000000000034)
(7.000000000000014, 14.799999999999962)
(11.499999999999986, 4.5)
(28.50000000000002, 12.80000000000003)
(7.000000000000014, 16.199999999999946)
(10.999999999999986, 4.9)
(28.50000000000001, 13.200000000000028)
(7.000000000000014, 18.09999999999995)
(10.499999999999972, 5.3000000000000025)
(28.500000000000018, 13.60000000000003)
(6.500000000000014, 9.999999999999957)
(9.999999999999986, 5.799999999999997)
(28.500000000000014, 14.000000000000025)
(6.500000000000014, 12.399999999999935)
(9.499999999999972, 6.399999999999998)
(29.000000000000018, 9.300000000000036)
(6.500000000000028, 14.299999999999955)
(8.999999999999986, 7.0)
(29.000000000000014, 9.700000000000024)
(6.500000000000014, 16.39999999999994)
(8.599999999999966, 7.7)
(29.000000000000014, 10.100000000000037)
(6.500000000000014, 18.199999999999953)
(8.299999999999955, 8.5)
(29.00000000000001, 10.500000000000018)
(6.0, 10.399999999999949)
(8.0, 10.299999999999999)
(29.000000000000018, 10.900000000000023)
(6.000000000000028, 13.799999999999955)
(8.499999999999943, 8.000000000000004)
(29.000000000000014, 11.300000000000018)
(6.0, 13.599999999999937)
(7.999999999999972, 9.499999999999998)
(29.00000000000002, 11.700000000000035)
(6.0, 18.199999999999946)
(19.99999999999997, 3.799999999999997)
(29.000000000000007, 12.100000000000021)
(5.500000000000028, 11.19999999999996)
(19.49999999999997, 3.9000000000000026)
(29.00000000000001, 12.500000000000018)
(6.000000000000014, 12.999999999999957)
(18.999999999999986, 3.9999999999999987)
(29.00000000000002, 12.90000000000003)
(5.500000000000014, 16.199999999999946)
(18.499999999999986, 4.099999999999996)
(29.000000000000014, 13.300000000000022)
(5.500000000000014, 17.999999999999957)
(17.999999999999986, 4.200000000000001)
(29.000000000000014, 13.700000000000024)
(5.000000000000014, 12.299999999999962)
(17.499999999999986, 4.299999999999999)
(29.00000000000002, 14.100000000000033)
(4.299999999999997, 14.299999999999955)
(19.999999999999986, 5.1000000000000005)
(29.000000000000018, 14.500000000000025)
(4.696571862560248, 12.788980986800695)
(19.504420699769497, 5.146901843704166)
(29.50772443955585, 9.81092735177041)
(5.200000000000017, 11.799999999999955)
(18.999999999999986, 5.200000000000001)
(29.50000000000001, 10.20000000000002)
(7.700000000000017, 13.399999999999963)
(18.49999999999997, 5.350000000000003)
(29.500000000000014, 10.60000000000002)
(7.500000000000014, 16.19999999999996)
(17.99999999999997, 5.38)
(29.500000000000018, 11.000000000000032)
(6.0, 16.499999999999943)
(17.500000000000014, 5.399999999999999)
(29.500000000000014, 11.400000000000045)
(5.0, 14.999999999999943)
(16.999999999999986, 5.599999999999999)
(29.50000000000002, 11.800000000000036)
(5.200000000000017, 15.699999999999953)
(16.49999999999997, 5.700000000000001)
(29.50000000000002, 12.200000000000024)
(5.000000000000014, 17.19999999999996)
(16.0, 5.899999999999997)
(29.500000000000018, 12.600000000000026)
(4.500000000000014, 13.499999999999957)
(15.499999999999972, 6.000000000000001)
(29.50000000000002, 13.000000000000032)
(4.500000000000014, 16.39999999999994)
(14.999999999999986, 6.199999999999998)
(29.500000000000018, 13.40000000000003)
(4.200000000000017, 14.99999999999995)
(20.0, 6.5)
(29.50000000000001, 13.800000000000026)
(4.200000000000017, 15.999999999999957)
(19.99999999999997, 6.900000000000002)
(29.50000000000001, 14.20000000000002)
(6.500000000000014, 18.19999999999996)
(19.99999999999997, 7.299999999999997)
(29.500000000000014, 14.600000000000026)
(6.000000000000028, 19.199999999999946)
(19.999999999999957, 7.700000000000002)
(29.500000000000014, 15.000000000000018)
(5.700000000000003, 19.999999999999957)
(19.99999999999997, 8.1)
(30.000000000000025, 10.000000000000036)
(5.500000000000014, 20.999999999999943)
(19.49999999999997, 6.3000000000000025)
(30.000000000000018, 10.400000000000023)
(12.000000000000014, 23.999999999999957)
(19.49999999999997, 6.700000000000001)
(30.000000000000014, 10.80000000000004)
(12.000000000000028, 26.499999999999957)
(19.49999999999997, 7.100000000000003)
(30.00000000000002, 11.20000000000002)
(11.500000000000028, 23.49999999999997)
(19.499999999999957, 7.499999999999999)
(30.000000000000018, 11.600000000000023)
(11.500000000000028, 26.299999999999955)
(19.49999999999997, 7.900000000000006)
(30.000000000000014, 12.000000000000034)
(11.000000000000014, 23.19999999999996)
(19.49999999999997, 8.300000000000002)
(30.000000000000007, 12.400000000000027)
(11.000000000000014, 26.099999999999937)
(18.99999999999997, 6.1000000000000005)
(30.000000000000014, 12.800000000000026)
(10.500000000000014, 22.999999999999943)
(19.0, 6.499999999999999)
(30.00000000000002, 13.20000000000003)
(10.500000000000014, 25.799999999999955)
(19.0, 6.900000000000001)
(30.000000000000014, 13.600000000000035)
(10.000000000000028, 22.69999999999996)
(18.999999999999986, 7.299999999999998)
(30.00000000000002, 14.000000000000034)
(10.000000000000014, 25.49999999999997)
(18.999999999999957, 7.700000000000002)
(30.500000000000014, 10.800000000000022)
(9.5, 22.29999999999994)
(19.0, 8.100000000000001)
(30.500000000000014, 11.200000000000015)
(9.5, 25.199999999999974)
(19.0, 8.500000000000004)
(30.500000000000014, 11.600000000000037)
(9.000000000000028, 21.199999999999946)
(18.499999999999986, 6.000000000000003)
(30.500000000000014, 12.000000000000023)
(9.000000000000014, 24.89999999999995)
(18.499999999999986, 6.399999999999996)
(30.500000000000014, 12.400000000000052)
(8.500000000000014, 21.09999999999995)
(18.49999999999997, 6.800000000000001)
(30.50000000000002, 12.800000000000022)
(8.500000000000014, 24.299999999999955)
(18.49999999999997, 7.200000000000003)
(30.500000000000014, 13.000000000000021)
(8.000000000000014, 21.199999999999946)
(18.5, 7.6)
(31.000000000000018, 11.500000000000039)
(8.000000000000028, 23.79999999999994)
(18.499999999999943, 7.999999999999997)
(31.00000000000002, 11.900000000000034)
(7.500000000000014, 21.999999999999957)
(18.5, 8.400000000000006)
(31.000000000000018, 12.500000000000021)
(7.500000000000021, 22.999999999999964)
(17.99999999999997, 6.100000000000001)
(23.00000000000001, 21.50000000000002)
(19.99999999999999, 16.299999999999983)
(17.999999999999993, 6.499999999999995)
(22.50000000000001, 21.20000000000002)
(20.000000000000007, 8.399999999999963)
(17.999999999999993, 6.900000000000004)
(23.000000000000014, 21.500000000000018)
(19.50000000000001, 16.299999999999983)
(17.99999999999998, 7.3000000000000025)
(23.00000000000001, 21.900000000000013)
(19.500000000000007, 8.499999999999972)
(17.999999999999986, 7.6999999999999975)
(23.000000000000004, 22.300000000000008)
(18.991240833857127, 16.241845537397822)
(18.020252461764088, 8.097805887282636)
(23.006100199036254, 22.72021972553952)
(19.000000000000007, 8.59999999999998)
(17.999999999999993, 8.500000000000002)
(23.000000000000007, 23.100000000000012)
(18.50000000000002, 16.199999999999974)
(17.49999999999998, 6.200000000000001)
(23.00000000000001, 23.500000000000025)
(18.500000000000007, 8.699999999999974)
(17.499999999999986, 6.599999999999998)
(23.500000000000014, 21.80000000000001)
(17.999999999999996, 8.899999999999963)
(17.499999999999993, 6.999999999999998)
(23.500000000000014, 22.200000000000024)
(18.00000000000002, 16.149999999999977)
(17.499999999999993, 7.4)
(23.500000000000007, 22.60000000000002)
(17.500000000000007, 8.999999999999986)
(17.499999999999986, 7.799999999999999)
(23.500000000000014, 23.00000000000002)
(9.20000000000001, 17.999999999999986)
(17.49999999999997, 8.200000000000001)
(23.50000000000001, 23.40000000000001)
(9.20000000000001, 18.399999999999963)
(17.499999999999986, 8.6)
(23.500000000000007, 23.800000000000022)
(9.200000000000003, 18.799999999999955)
(17.0, 6.299999999999998)
(23.500000000000014, 24.200000000000024)
(9.200000000000017, 19.19999999999996)
(17.0, 6.700000000000003)
(24.000000000000004, 22.10000000000003)
(9.20000000000001, 19.59999999999996)
(16.99999999999997, 7.100000000000001)
(24.00000000000001, 22.50000000000002)
(9.20000000000001, 19.999999999999964)
(16.999999999999957, 7.500000000000003)
(24.000000000000014, 22.900000000000034)
(9.20000000000001, 20.399999999999956)
(16.999999999999986, 7.900000000000003)
(24.00000000000001, 23.300000000000022)
(9.20000000000001, 20.79999999999996)
(16.999999999999986, 8.300000000000002)
(24.000000000000014, 23.700000000000035)
(9.200000000000003, 21.19999999999996)
(16.999999999999986, 8.700000000000001)
(24.000000000000007, 24.100000000000026)
(9.200000000000017, 21.599999999999966)
(16.49999999999997, 6.799999999999999)
(24.00000000000001, 24.500000000000025)
(9.000000000000014, 14.799999999999969)
(16.5, 7.2)
(24.000000000000014, 24.90000000000001)
(8.5, 13.399999999999963)
(16.5, 7.599999999999998)
(24.500000000000014, 22.300000000000026)
(8.700000000000017, 14.19999999999996)
(16.499999999999986, 8.0)
(24.500000000000007, 22.70000000000001)
(8.300000000000004, 12.59999999999998)
(16.5, 8.400000000000002)
(24.50000000000001, 23.10000000000002)
(8.20000000000001, 10.999999999999972)
(16.500000000000014, 8.800000000000004)
(24.500000000000014, 23.500000000000014)
(8.300000000000004, 11.999999999999957)
(16.5, 9.199999999999998)
(24.500000000000007, 23.900000000000034)
(8.500000000000014, 20.799999999999955)
(16.0, 7.000000000000001)
(24.500000000000007, 24.30000000000003)
(8.500000000000007, 13.19999999999996)
(15.999999999999972, 7.400000000000002)
(24.50000000000001, 24.700000000000017)
(8.000000000000014, 8.999999999999972)
(15.999999999999972, 7.800000000000001)
(25.000000000000007, 22.600000000000016)
(8.000000000000007, 10.999999999999964)
(15.999999999999972, 8.200000000000001)
(25.00000000000001, 23.000000000000025)
(8.000000000000007, 11.599999999999959)
(16.0, 8.6)
(25.000000000000014, 23.400000000000023)
(8.000000000000007, 12.599999999999966)
(15.999999999999986, 8.999999999999998)
(25.000000000000004, 23.800000000000022)
(8.000000000000007, 20.19999999999996)
(15.999999999999986, 9.4)
(25.000000000000007, 24.20000000000002)
(7.500000000000021, 9.099999999999959)
(15.499999999999986, 7.199999999999998)
(25.000000000000014, 24.600000000000026)
(7.500000000000007, 11.799999999999955)
(15.499999999999986, 7.6)
(25.500000000000007, 22.80000000000002)
(7.5, 13.999999999999957)
(15.499999999999972, 8.0)
(25.50000000000001, 23.200000000000024)
(7.500000000000021, 14.799999999999969)
(15.499999999999972, 8.4)
(25.500000000000014, 23.600000000000023)
(7.5, 15.799999999999962)
(15.5, 8.799999999999999)
(25.500000000000007, 24.000000000000025)
(19.00000000000003, 25.09999999999995)
(15.499999999999986, 9.200000000000006)
(25.50000000000002, 24.400000000000013)
(19.000000000000014, 28.09999999999995)
(15.5, 9.600000000000003)
(26.000000000000018, 22.800000000000008)
(18.5, 25.099999999999966)
(15.5, 9.999999999999996)
(26.000000000000007, 23.20000000000003)
(18.50000000000003, 27.999999999999957)
(15.499999999999957, 10.4)
(26.000000000000007, 23.60000000000001)
(18.0, 24.999999999999986)
(15.0, 7.099999999999999)
(26.000000000000014, 24.00000000000003)
(18.00000000000002, 27.899999999999963)
(14.999999999999986, 7.500000000000005)
(26.000000000000014, 24.400000000000027)
(17.500000000000014, 24.999999999999957)
(15.0, 7.900000000000006)
(26.50000000000001, 22.60000000000003)
(17.50000000000002, 27.89999999999995)
(14.999999999999986, 8.3)
(26.500000000000018, 23.00000000000003)
(17.000000000000014, 24.89999999999995)
(14.999999999999986, 8.700000000000003)
(26.500000000000014, 23.40000000000002)
(17.000000000000007, 27.799999999999997)
(15.0, 9.100000000000003)
(26.500000000000014, 23.80000000000002)
(16.500000000000014, 24.899999999999963)
(15.0, 9.5)
(26.500000000000004, 24.20000000000002)
(16.50000000000002, 27.699999999999946)
(14.999999999999986, 9.9)
(27.00000000000001, 22.200000000000028)
(16.000000000000007, 24.699999999999974)
(14.999999999999972, 10.299999999999997)
(27.00000000000001, 22.600000000000016)
(16.000000000000007, 27.59999999999998)
(15.0, 10.700000000000005)
(27.000000000000004, 23.00000000000003)
(15.5, 24.69999999999996)
(15.0, 11.100000000000003)
(27.00000000000001, 23.40000000000003)
(15.500000000000021, 27.49999999999997)
(14.999999999999972, 11.500000000000007)
(27.000000000000014, 23.800000000000015)
(15.000000000000014, 24.699999999999974)
(14.499999999999972, 7.100000000000001)
(27.000000000000014, 24.200000000000017)
(15.000000000000014, 27.39999999999995)
(14.499999999999986, 7.499999999999998)
(27.500000000000018, 22.00000000000002)
(14.500000000000007, 24.599999999999966)
(14.5, 7.900000000000002)
(27.500000000000014, 22.400000000000034)
(14.500000000000007, 27.29999999999997)
(14.499999999999957, 8.300000000000002)
(27.500000000000007, 22.80000000000002)
(14.000000000000021, 24.499999999999957)
(14.499999999999972, 8.700000000000003)
(27.500000000000014, 23.200000000000024)
(14.000000000000014, 27.19999999999996)
(14.499999999999986, 9.100000000000005)
(27.500000000000018, 23.600000000000026)
(13.500000000000007, 24.499999999999957)
(14.499999999999972, 9.500000000000002)
(27.500000000000014, 24.000000000000018)
(13.500000000000014, 26.999999999999957)
(14.499999999999986, 9.900000000000004)
(28.000000000000014, 21.200000000000017)
(13.0, 24.49999999999997)
(14.499999999999986, 10.299999999999999)
(28.000000000000014, 21.600000000000033)
(13.000000000000014, 26.799999999999955)
(14.499999999999972, 10.700000000000003)
(28.000000000000014, 22.00000000000002)
(12.500000000000014, 24.19999999999996)
(14.499999999999986, 11.100000000000001)
(28.000000000000025, 22.40000000000003)
(12.500000000000028, 26.699999999999932)
(14.499999999999972, 11.5)
(28.000000000000014, 22.800000000000022)
(18.0, 34.299999999999955)
(14.499999999999972, 11.900000000000007)
(28.000000000000014, 23.20000000000003)
(17.500000000000007, 29.399999999999963)
(14.500000000000014, 12.300000000000002)
(28.000000000000018, 23.60000000000003)
(17.500000000000014, 29.79999999999994)
(14.499999999999986, 12.700000000000001)
(28.500000000000018, 21.10000000000003)
(17.50000000000003, 30.199999999999974)
(14.499999999999986, 12.900000000000007)
(28.500000000000007, 21.50000000000002)
(17.5, 30.599999999999966)
(13.999999999999972, 7.099999999999999)
(28.50000000000001, 21.900000000000013)
(17.50000000000003, 30.999999999999943)
(13.999999999999957, 7.500000000000002)
(28.50000000000001, 22.300000000000026)
(17.50000000000003, 31.39999999999995)
(13.999999999999972, 7.900000000000002)
(28.500000000000014, 22.500000000000018)
(17.500000000000014, 31.79999999999997)
(13.999999999999986, 8.300000000000002)
(21.80000000000001, 16.100000000000033)
(17.50000000000003, 32.19999999999996)
(13.999999999999972, 8.700000000000005)
(22.00000000000001, 17.00000000000002)
(17.500000000000014, 32.599999999999994)
(13.999999999999972, 9.100000000000001)
(21.900000000000006, 17.500000000000014)
(17.500000000000014, 32.99999999999997)
(13.999999999999972, 9.500000000000004)
(22.000000000000007, 18.000000000000014)
(17.500000000000007, 33.299999999999955)
(13.999999999999986, 9.900000000000002)
(22.200000000000014, 19.000000000000032)
(17.000000000000014, 28.69999999999996)
(13.999999999999986, 10.300000000000002)
(22.10000000000002, 18.50000000000003)
(17.00000000000002, 29.099999999999966)
(13.999999999999957, 10.700000000000005)
(22.6, 19.50000000000002)
(17.000000000000007, 29.499999999999957)
(13.999999999999986, 11.099999999999998)
(22.000000000000014, 16.50000000000002)
(17.0, 29.899999999999977)
(13.999999999999986, 11.500000000000007)
(23.000000000000007, 20.1)
(17.000000000000014, 30.299999999999955)
(13.999999999999986, 11.900000000000004)
(23.40000000000001, 20.50000000000001)
(17.000000000000007, 30.69999999999996)
(14.0, 12.3)
(23.90000000000001, 20.800000000000036)
(17.000000000000007, 31.099999999999966)
(13.999999999999972, 12.700000000000003)
(24.500000000000007, 20.90000000000001)
(17.000000000000036, 31.49999999999997)
(13.999999999999972, 13.000000000000005)
(25.00000000000001, 20.80000000000001)
(16.999999999999993, 31.899999999999963)
(13.499999999999986, 7.299999999999998)
(25.50000000000001, 20.500000000000032)
(17.000000000000007, 32.29999999999994)
(13.499999999999986, 7.7)
(26.000000000000018, 20.10000000000003)
(16.50000000000003, 29.499999999999957)
(13.499999999999972, 8.100000000000007)
(26.500000000000007, 19.600000000000016)
(16.500000000000014, 29.89999999999995)
(13.5, 8.5)
(26.900000000000013, 19.00000000000003)
(16.50000000000003, 30.299999999999955)
(13.499999999999986, 8.90000000000001)
(27.200000000000014, 18.40000000000002)
(16.500000000000014, 30.699999999999946)
(13.499999999999972, 9.3)
(27.300000000000015, 17.800000000000026)
(16.500000000000014, 31.09999999999995)
(13.499999999999986, 9.700000000000003)
(27.30000000000001, 17.200000000000035)
(16.500000000000014, 31.499999999999957)
(13.499999999999986, 10.100000000000001)
(27.30000000000002, 16.50000000000002)
(16.000000000000014, 29.899999999999963)
(13.499999999999986, 10.5)
(27.20000000000001, 15.900000000000023)
(16.000000000000014, 30.29999999999997)
(13.499999999999972, 10.900000000000004)
(27.00000000000001, 15.150000000000023)
(16.0, 30.69999999999996)
(13.5, 11.3)
(26.500000000000014, 14.600000000000016)
(15.0, 29.69999999999996)
(13.5, 11.700000000000005)
(26.000000000000014, 14.30000000000003)
(17.50000000000002, 22.899999999999963)
(13.5, 12.100000000000001)
(25.50000000000001, 14.100000000000021)
(17.500000000000007, 22.499999999999957)
(13.499999999999986, 12.500000000000002)
(25.00000000000001, 14.000000000000028)
(17.5, 22.099999999999966)
(13.5, 12.9)
(22.50000000000001, 16.400000000000016)
(17.50000000000002, 21.699999999999974)
(13.5, 13.100000000000001)
(22.50000000000001, 16.800000000000026)
(17.500000000000014, 22.09999999999998)
(12.999999999999979, 7.400000000000002)
(22.50000000000001, 17.200000000000017)
(20.000000000000014, 25.199999999999974)
(12.999999999999986, 7.8)
(22.50000000000001, 17.60000000000002)
(19.999999999999993, 28.09999999999998)
(12.999999999999986, 8.200000000000006)
(22.50000000000001, 18.00000000000002)
(19.500000000000007, 25.200000000000003)
(12.999999999999972, 8.600000000000005)
(23.000000000000007, 16.20000000000001)
(19.500000000000014, 28.09999999999998)
(12.999999999999986, 9.000000000000005)
(23.00000000000001, 16.600000000000023)
(16.000000000000007, 16.19999999999996)
(12.999999999999986, 9.399999999999997)
(22.70000000000001, 18.50000000000002)
(16.00000000000002, 16.599999999999966)
(12.999999999999972, 9.8)
(24.800000000000008, 18.200000000000024)
(16.000000000000007, 16.99999999999997)
(12.999999999999972, 10.2)
(23.0, 17.000000000000014)
(16.000000000000007, 17.19999999999996)
(12.999999999999986, 10.600000000000001)
(23.00000000000001, 17.300000000000022)
(16.000000000000014, 18.09999999999998)
(12.999999999999972, 11.0)
(23.000000000000007, 18.100000000000012)
(16.00000000000002, 18.499999999999957)
(12.999999999999986, 11.400000000000002)
(23.000000000000007, 18.500000000000025)
(16.000000000000014, 18.899999999999977)
(12.999999999999986, 11.800000000000002)
(23.00000000000001, 18.90000000000002)
(16.000000000000014, 19.899999999999977)
(12.999999999999986, 12.200000000000001)
(23.000000000000007, 20.000000000000014)
(15.500000000000014, 15.399999999999977)
(12.999999999999972, 12.600000000000003)
(23.500000000000007, 15.900000000000016)
(15.500000000000021, 15.799999999999969)
(12.999999999999986, 13.000000000000007)
(23.500000000000014, 16.30000000000002)
(15.500000000000014, 16.199999999999946)
(12.999999999999986, 13.199999999999998)
(23.500000000000007, 16.70000000000002)
(15.5, 16.599999999999966)
(12.500000000000014, 7.999999999999998)
(23.500000000000007, 17.200000000000028)
(15.500000000000007, 16.99999999999997)
(12.5, 8.399999999999999)
(23.500000000000014, 18.30000000000003)
(15.5, 17.399999999999963)
(12.5, 8.799999999999997)
(23.500000000000014, 18.700000000000035)
(15.500000000000014, 17.799999999999983)
(12.499999999999972, 9.200000000000001)
(23.50000000000001, 19.00000000000002)
(15.500000000000007, 18.19999999999996)
(12.5, 9.6)
(23.500000000000014, 20.000000000000036)
(15.500000000000007, 18.69999999999996)
(12.500000000000014, 10.000000000000004)
(24.000000000000014, 15.400000000000032)
(15.500000000000028, 19.59999999999995)
(12.499999999999986, 10.399999999999997)
(24.00000000000002, 15.800000000000018)
(15.000000000000014, 15.999999999999964)
(12.5, 10.8)
(24.00000000000001, 16.200000000000028)
(15.000000000000014, 16.399999999999963)
(12.499999999999972, 11.200000000000001)
(24.000000000000014, 16.60000000000003)
(15.000000000000014, 16.799999999999955)
(12.499999999999986, 11.599999999999998)
(24.00000000000002, 17.00000000000004)
(15.000000000000014, 17.19999999999996)
(12.499999999999986, 12.0)
(24.00000000000001, 17.200000000000024)
(15.000000000000014, 17.59999999999995)
(12.5, 12.400000000000002)
(24.000000000000014, 18.100000000000026)
(15.000000000000014, 19.09999999999995)
(12.499999999999972, 12.799999999999999)
(24.00000000000001, 18.500000000000032)
(15.300000000000011, 19.49999999999998)
(12.5, 13.2)
(24.00000000000002, 18.900000000000027)
(14.900000000000013, 17.099999999999973)
(12.499999999999972, 13.5)
(24.00000000000001, 19.900000000000023)
(14.40000000000002, 17.99999999999997)
(11.999999999999986, 8.799999999999999)
(24.500000000000007, 15.400000000000016)
(14.400000000000013, 16.499999999999957)
(11.999999999999986, 9.200000000000003)
(24.500000000000014, 15.800000000000018)
(14.600000000000009, 15.499999999999957)
(11.999999999999972, 9.600000000000001)
(24.500000000000007, 16.20000000000002)
(15.0, 14.899999999999977)
(12.0, 9.999999999999998)
(24.500000000000014, 16.600000000000016)
(14.400000000000013, 15.999999999999957)
(11.999999999999972, 10.400000000000002)
(24.50000000000001, 17.00000000000002)
(14.299999999999997, 16.99999999999997)
(11.999999999999986, 10.799999999999999)
(24.500000000000007, 17.400000000000023)
(14.300000000000026, 17.49999999999997)
(12.0, 11.200000000000005)
(24.500000000000014, 17.80000000000003)
(14.700000000000003, 18.59999999999995)
(12.000000000000014, 11.599999999999998)
(24.500000000000018, 18.200000000000035)
(9.200000000000017, 15.19999999999996)
(11.999999999999957, 12.0)
(24.500000000000014, 18.700000000000017)
(9.200000000000017, 15.599999999999952)
(11.999999999999972, 12.4)
(24.500000000000007, 19.60000000000002)
(9.200000000000017, 15.999999999999972)
(11.999999999999972, 12.8)
(25.00000000000001, 16.000000000000025)
(9.200000000000017, 16.39999999999997)
(11.999999999999972, 13.2)
(25.000000000000018, 16.400000000000023)
(9.200000000000003, 16.799999999999955)
(11.999999999999986, 13.599999999999998)
(25.000000000000014, 16.80000000000003)
(9.200000000000003, 17.19999999999996)
(12.0, 13.799999999999997)
(25.000000000000018, 17.200000000000024)
(9.199999999999996, 17.59999999999996)
(11.499999999999986, 9.200000000000001)
(25.000000000000014, 17.600000000000023)
(17.000000000000007, 28.699999999999974)
(11.5, 9.600000000000003)
(25.000000000000014, 19.10000000000002)
(17.00000000000002, 32.699999999999946)
(11.499999999999957, 10.000000000000007)
(24.70000000000001, 19.500000000000007)
(16.500000000000014, 29.099999999999966)
(11.499999999999986, 10.399999999999999)
(25.100000000000016, 17.10000000000003)
(16.500000000000014, 31.999999999999943)
(11.499999999999972, 10.799999999999999)
(25.600000000000023, 18.00000000000002)
(16.000000000000014, 29.49999999999997)
(11.499999999999986, 11.200000000000003)
(25.6, 16.500000000000018)
(16.000000000000014, 30.99999999999997)
(11.499999999999986, 11.600000000000009)
(25.400000000000006, 15.500000000000014)
(15.5, 29.999999999999957)
(11.5, 12.000000000000004)
(25.000000000000014, 14.90000000000003)
(19.500000000000014, 31.39999999999995)
(11.5, 12.399999999999999)
(25.60000000000002, 16.000000000000032)
(19.500000000000007, 31.79999999999994)
(11.499999999999972, 12.800000000000002)
(25.70000000000002, 17.000000000000036)
(19.500000000000014, 32.19999999999996)
(11.499999999999972, 13.200000000000003)
(25.700000000000017, 17.50000000000003)
(19.499999999999993, 32.599999999999966)
(11.5, 13.599999999999998)
(25.30000000000002, 18.600000000000037)
(19.5, 32.99999999999996)
(11.499999999999972, 14.000000000000002)
(30.80000000000001, 15.200000000000022)
(18.500000000000014, 32.49999999999996)
(10.999999999999972, 9.299999999999999)
(30.80000000000002, 15.600000000000033)
(18.50000000000003, 32.89999999999996)
(10.999999999999957, 9.700000000000001)
(30.80000000000003, 16.00000000000003)
(18.50000000000003, 33.29999999999997)
(10.999999999999972, 10.099999999999998)
(30.800000000000015, 16.40000000000003)
(18.5, 33.69999999999996)
(11.0, 10.499999999999996)
(30.800000000000015, 16.80000000000004)
(19.000000000000014, 31.89999999999995)
(10.999999999999972, 10.9)
(30.800000000000022, 17.200000000000028)
(19.000000000000014, 32.29999999999994)
(11.000000000000028, 11.300000000000004)
(30.800000000000015, 17.60000000000003)
(19.00000000000003, 32.699999999999974)
(10.999999999999972, 11.700000000000003)
(30.80000000000002, 18.000000000000018)
(19.00000000000003, 33.09999999999995)
(10.999999999999972, 12.100000000000003)
(30.800000000000026, 18.40000000000002)
(19.000000000000014, 33.49999999999996)
(10.999999999999972, 12.500000000000004)
(30.80000000000002, 18.80000000000003)
(19.0, 33.89999999999995)
(11.0, 12.900000000000002)
(30.800000000000015, 19.20000000000004)
(19.000000000000014, 34.299999999999955)
(10.999999999999972, 13.300000000000004)
(30.800000000000015, 19.600000000000026)
(18.000000000000014, 31.199999999999946)
(10.999999999999972, 13.700000000000005)
(30.80000000000002, 20.00000000000002)
(18.0, 31.59999999999995)
(10.999999999999972, 14.099999999999996)
(30.80000000000001, 20.400000000000023)
(18.000000000000014, 31.999999999999943)
(10.999999999999972, 14.499999999999996)
(30.80000000000002, 20.800000000000033)
(18.00000000000003, 32.39999999999995)
(10.499999999999972, 9.800000000000004)
(30.80000000000001, 21.200000000000024)
(18.00000000000003, 32.799999999999955)
(10.499999999999943, 10.200000000000005)
(30.80000000000001, 21.600000000000026)
(18.000000000000014, 33.199999999999946)
(10.499999999999972, 10.600000000000007)
(31.000000000000014, 14.800000000000034)
(18.00000000000003, 33.59999999999994)
(10.499999999999972, 11.000000000000004)
(31.50000000000002, 13.40000000000002)
(18.000000000000043, 33.99999999999994)
(10.499999999999972, 11.4)
(31.30000000000002, 14.20000000000004)
(12.800000000000026, 15.899999999999977)
(10.499999999999972, 11.799999999999999)
(31.70000000000002, 12.600000000000026)
(13.000000000000014, 15.149999999999949)
(10.499999999999972, 12.200000000000001)
(31.80000000000001, 11.000000000000036)
(13.500000000000028, 14.599999999999937)
(10.499999999999972, 12.6)
(31.700000000000024, 12.000000000000025)
(14.000000000000014, 14.29999999999994)
(10.499999999999986, 13.000000000000002)
(31.50000000000001, 20.800000000000033)
(14.500000000000014, 14.099999999999966)
(10.499999999999957, 13.399999999999999)
(31.500000000000018, 13.200000000000028)
(15.000000000000014, 13.999999999999972)
(10.499999999999972, 13.799999999999997)
(32.00000000000002, 9.000000000000043)
(17.500000000000014, 16.39999999999995)
(10.499999999999972, 14.199999999999998)
(32.00000000000002, 11.000000000000036)
(17.5, 16.79999999999994)
(10.499999999999972, 14.6)
(32.00000000000002, 11.600000000000023)
(17.500000000000014, 17.19999999999996)
(10.499999999999986, 15.0)
(32.00000000000002, 12.60000000000003)
(17.500000000000014, 17.599999999999937)
(10.0, 9.999999999999998)
(32.00000000000001, 20.200000000000045)
(17.50000000000003, 17.99999999999993)
(9.999999999999972, 10.399999999999999)
(32.50000000000002, 9.100000000000021)
(17.00000000000003, 16.199999999999932)
(9.999999999999972, 10.799999999999999)
(32.50000000000002, 11.800000000000042)
(17.000000000000014, 16.59999999999995)
(9.999999999999972, 11.2)
(32.500000000000014, 14.000000000000044)
(17.300000000000026, 18.499999999999957)
(9.999999999999957, 11.599999999999996)
(32.50000000000002, 14.800000000000031)
(15.200000000000017, 18.19999999999996)
(9.999999999999972, 12.0)
(32.50000000000002, 15.800000000000026)
(17.000000000000014, 16.999999999999943)
(9.999999999999943, 12.4)
(32.500000000000014, 17.00000000000004)
(17.000000000000014, 17.29999999999997)
(9.999999999999986, 12.799999999999999)
(32.50000000000003, 18.000000000000043)
(17.0, 18.09999999999995)
(9.999999999999972, 13.200000000000003)
(32.500000000000014, 19.00000000000002)
(17.000000000000014, 18.49999999999997)
(9.999999999999986, 13.599999999999996)
(32.500000000000014, 20.00000000000003)
(17.000000000000014, 18.899999999999977)
(9.999999999999972, 14.000000000000004)
(33.00000000000002, 9.300000000000036)
(17.000000000000014, 19.999999999999957)
(9.5, 10.8)
(33.000000000000014, 12.000000000000039)
(16.5, 15.899999999999949)
(9.499999999999972, 11.2)
(33.000000000000014, 14.800000000000026)
(16.50000000000003, 16.29999999999994)
(9.499999999999972, 11.6)
(33.000000000000014, 16.20000000000004)
(16.500000000000014, 16.69999999999996)
(9.499999999999972, 12.000000000000004)
(33.000000000000014, 18.100000000000026)
(16.500000000000014, 17.199999999999946)
(9.499999999999943, 12.400000000000002)
(33.500000000000014, 10.000000000000021)
(16.500000000000014, 18.29999999999994)
(9.499999999999972, 12.800000000000002)
(33.50000000000001, 12.40000000000003)
(16.500000000000014, 18.699999999999946)
(9.499999999999943, 13.000000000000004)
(33.50000000000003, 14.30000000000004)
(16.50000000000003, 18.999999999999943)
(8.999999999999972, 11.500000000000002)
(33.500000000000014, 16.400000000000034)
(16.50000000000003, 19.999999999999943)
(8.999999999999972, 11.9)
(33.500000000000014, 18.20000000000002)
(16.000000000000014, 15.399999999999935)
(8.999999999999972, 12.499999999999996)
(34.00000000000003, 10.400000000000038)
(16.00000000000003, 15.79999999999994)
(16.999999999999986, 21.5)
(34.00000000000002, 13.800000000000033)
(20.0, 1.199999999999946)
(17.499999999999986, 21.199999999999996)
(34.00000000000002, 13.600000000000033)
(15.500000000000028, 28.999999999999957)
(16.99999999999997, 21.5)
(34.000000000000014, 18.20000000000002)
(15.200000000000017, 29.29999999999994)
(16.999999999999943, 21.9)
(34.50000000000002, 11.200000000000028)
(16.20000000000003, 28.39999999999995)
(16.999999999999943, 22.3)
(34.00000000000001, 13.000000000000028)
(15.800000000000026, 28.699999999999946)
(16.99999999999997, 22.7)
(34.50000000000003, 16.200000000000042)
(20.000000000000014, 30.499999999999943)
(17.0, 23.099999999999998)
(34.500000000000014, 18.000000000000036)
(20.00000000000003, 32.79999999999994)
(16.999999999999943, 23.500000000000004)
(35.000000000000014, 12.300000000000026)
(20.00000000000003, 30.899999999999977)
(16.49999999999997, 21.8)
(35.7, 14.300000000000026)
(20.000000000000014, 31.299999999999912)
(16.49999999999997, 22.2)
(35.300000000000026, 12.800000000000036)
(20.00000000000003, 31.69999999999996)
(16.49999999999997, 22.6)
(34.80000000000002, 11.800000000000015)
(20.00000000000003, 32.09999999999992)
(16.49999999999997, 23.000000000000004)
(32.300000000000026, 13.40000000000004)
(20.000000000000014, 32.49999999999997)
(16.49999999999997, 23.400000000000002)
(32.500000000000014, 16.20000000000004)
(19.500000000000014, 30.99999999999997)
(16.49999999999997, 23.8)
(34.000000000000014, 16.500000000000032)
(19.500000000000014, 33.29999999999994)
(16.49999999999997, 24.200000000000003)
(35.00000000000002, 15.000000000000032)
(19.000000000000014, 31.499999999999957)
(15.999999999999972, 22.1)
(34.80000000000001, 15.700000000000028)
(19.000000000000014, 34.59999999999994)
(15.999999999999972, 22.499999999999996)
(35.00000000000002, 17.200000000000035)
(18.500000000000014, 32.09999999999994)
(15.999999999999972, 22.900000000000006)
(35.500000000000014, 13.500000000000039)
(18.50000000000003, 34.099999999999966)
(15.999999999999972, 23.300000000000004)
(35.50000000000002, 16.40000000000003)
(18.0, 34.59999999999994)
(16.0, 23.7)
(35.80000000000002, 15.000000000000032)
(18.000000000000014, 30.799999999999955)
(15.999999999999972, 24.099999999999998)
(35.80000000000001, 16.000000000000032)
(17.500000000000014, 28.999999999999957)
(16.0, 24.499999999999996)
(33.500000000000014, 18.200000000000035)
(17.50000000000003, 33.49999999999994)
(15.999999999999972, 24.900000000000002)
(34.00000000000001, 19.20000000000004)
(11.5, 22.499999999999957)
(15.499999999999972, 22.3)
(34.30000000000001, 20.00000000000002)
(18.20000000000003, 16.09999999999995)
(15.499999999999972, 22.699999999999996)
(34.500000000000014, 21.000000000000036)
(18.000000000000018, 16.999999999999986)
(15.499999999999972, 23.10000000000001)
(20.000000000000014, 36.7)
(18.100000000000012, 17.49999999999997)
(15.5, 23.5)
(19.500000000000007, 36.70000000000001)
(18.000000000000018, 17.999999999999964)
(15.499999999999979, 23.900000000000002)
(19.000000000000007, 36.70000000000002)
(17.799999999999997, 18.99999999999997)
(15.499999999999986, 24.3)
(18.5, 36.65)
(17.900000000000023, 18.499999999999986)
(15.499999999999993, 24.700000000000003)
(18.000000000000007, 36.60000000000001)
(17.40000000000001, 19.499999999999993)
(14.999999999999986, 22.6)
(17.500000000000007, 36.5)
(18.00000000000002, 16.49999999999997)
(14.999999999999972, 23.000000000000004)
(17.0, 36.3)
(17.000000000000025, 20.099999999999994)
(14.999999999999975, 23.400000000000002)
(16.500000000000004, 36.199999999999996)
(16.600000000000012, 20.49999999999998)
(14.999999999999986, 23.8)
(16.000000000000007, 36.10000000000001)
(16.099999999999998, 20.79999999999999)
(14.99999999999999, 24.199999999999996)
(15.500000000000005, 36.000000000000014)
(15.500000000000014, 20.899999999999984)
(14.99999999999999, 24.599999999999998)
(15.000000000000002, 35.70000000000001)
(15.00000000000001, 20.79999999999999)
(14.499999999999996, 22.800000000000004)
(14.500000000000004, 35.40000000000002)
(14.500000000000014, 20.499999999999986)
(14.49999999999999, 23.200000000000006)
(14.000000000000005, 35.20000000000001)
(14.000000000000004, 20.099999999999987)
(14.499999999999993, 23.6)
(13.500000000000007, 35.000000000000014)
(13.500000000000007, 19.599999999999987)
(14.5, 24.0)
(13.000000000000005, 34.6)
(13.100000000000021, 18.99999999999999)
(14.499999999999982, 24.400000000000002)
(12.500000000000007, 34.199999999999996)
(12.800000000000006, 18.39999999999999)
(13.999999999999982, 22.8)
(12.000000000000004, 33.80000000000001)
(12.700000000000006, 17.799999999999997)
(13.999999999999979, 23.2)
(11.5, 33.400000000000006)
(12.700000000000012, 17.19999999999999)
(13.999999999999968, 23.6)
(11.000000000000002, 32.9)
(12.700000000000012, 16.499999999999993)
(13.999999999999982, 24.0)
(10.500000000000002, 32.199999999999996)
(17.5, 34.40000000000002)
(13.999999999999972, 24.40000000000001)
(9.999999999999996, 31.699999999999985)
(17.000000000000007, 34.10000000000001)
(13.499999999999982, 22.600000000000012)
(9.499999999999996, 31.1)
(16.500000000000014, 33.699999999999996)
(13.499999999999975, 23.000000000000004)
(9.000000000000004, 30.500000000000004)
(16.000000000000004, 33.3)
(13.499999999999986, 23.400000000000006)
(8.499999999999996, 29.800000000000004)
(15.500000000000007, 32.79999999999999)
(13.499999999999986, 23.800000000000004)
(8.0, 29.09999999999999)
(15.000000000000005, 32.2)
(13.499999999999996, 24.200000000000003)
(7.5, 28.300000000000008)
(14.800000000000018, 31.599999999999998)
(12.999999999999964, 22.200000000000003)
(6.9999999999999964, 27.09999999999999)
(14.750000000000012, 31.0)
(12.99999999999999, 22.6)
(6.5, 26.200000000000003)
(14.800000000000004, 30.400000000000013)
(12.999999999999988, 23.000000000000007)
(6.0, 25.099999999999998)
(16.800000000000008, 28.000000000000007)
(12.999999999999995, 23.400000000000006)
(5.699999999999999, 24.200000000000003)
(16.5, 28.200000000000003)
(13.000000000000004, 23.800000000000004)
(5.5000000000000036, 23.000000000000004)
(12.000000000000005, 21.200000000000006)
(12.999999999999982, 24.200000000000003)
(5.5, 21.999999999999993)
(12.000000000000014, 21.599999999999973)
(12.499999999999986, 22.000000000000004)
(20.000000000000007, 34.80000000000001)
(12.000000000000014, 21.999999999999986)
(12.499999999999957, 22.4)
(19.00000000000001, 34.80000000000001)
(12.000000000000028, 22.39999999999997)
(12.499999999999972, 22.800000000000008)
(19.50000000000001, 34.80000000000001)
(12.000000000000014, 22.79999999999996)
(12.499999999999972, 23.200000000000003)
(19.000000000000007, 34.80000000000002)
(12.000000000000014, 23.199999999999974)
(12.499999999999972, 23.6)
(18.50000000000001, 34.70000000000001)
(12.000000000000014, 23.59999999999998)
(12.499999999999986, 24.000000000000004)
(18.000000000000004, 34.500000000000014)
(11.500000000000021, 21.099999999999987)
(11.499999999999972, 21.500000000000004)
(11.500000000000007, 21.90000000000001)
(11.500000000000007, 22.299999999999997)
(23.999999999999993, 9.600000000000001)
(16.000000000000004, 9.600000000000009)
