230.3 263.5 238.8 814.8 -100.0 432.7
225.4 235.6 227.5 862.5 -121.9 430.3
213.6 267.2 218.8 845.6  -98.7 444.9
232.2 245.5 220.6 871.9 -107.0 434.6
220.7 275.9 211.6 855.8  -84.2 448.5
238.6 254.8 212.9 881.3  -91.9 438.3
227.2 283.6 202.8 866.0  -69.5 450.9
244.6 263.4 204.0 890.7  -76.7 441.1
210.4 285.4 181.3 897.6  -68.5 461.5
227.8 265.2 182.5 922.3  -75.7 451.7
216.1 293.5 171.6 907.0 -53.2 463.7
232.9 272.3 171.2 931.7 -60.2 452.7
222.0 300.2 161.2 917.2 -38.3 464.9
238.1 281.3 161.4 940.3 -44.4 455.3
227.6 306.4 150.0 927.4 -23.3 465.5
219.0 281.0 135.0 971.1 -42.3 462.7
208.0 307.0 123.5 957.4 -20.7 473.3
223.5 287.1 122.1 980.5 -26.6 462.5
211.7 313.5 109.7 966.0 -4.4 472.9
226.3 292.1 105.9 989.1 -10.0 460.3
213.0 321.2  93.2 972.2  13.7 471.9
229.4 297.6  90.5 997.7   6.5 458.7
195.4 321.4  66.3 999.8  17.9 476.9
212.0 296.4  62.9 1026.1 10.3 462.7
197.6 325.4  48.5 1008.4 34.7 473.5
213.4 300.8  44.2 1033.9 27.7 459.1
197.5 327.3  25.8 1016.2 52.6 466.9
213.0 302.2  20.7 1041.7 45.7 451.9
196.9 330.1   3.0 1023.2 71.0 460.7
190.2 296.0 -13.3 1068.9 47.8 451.6
169.2 328.8 -30.5 1040.7  74.2 461.8
187.9 292.1 -32.0 1067.9  57.9 440.6
180.5 304.9 165.9  879.6 -77.7 475.2
201.7 283.7 164.9  913.8 -82.5 466.0
187.4 310.2 163.1  885.1 -68.8 477.0
204.6 291.4 165.0  909.0 -75.6 468.2
176.2 304.8 144.0  923.3 -72.1 484.5
184.8 299.4 142.7  934.4 -70.7 480.9
180.2 363.8 259.5  783.9 -80.9 483.7
144.0 438.0 248.5  723.8 -34.9 515.1
185.5 369.5 247.5 794.1 -65.8 483.7
149.5 442.3 235.8 734.8 -20.2 514.1
189.95 374.65 233.85 803.9 -50.25 482.7
154.1 445.1 220.7 745.8 -5.2 511.3
192.9 376.5 219.9 810.4 -37.4 478.7
125.8 431.6 189.65 776.75 -14.7 513.1
127.1 428.1 183.2 779.4 -12.4 509.1
155.4 340.5 188.1 813.0 -65.05 457.3
123.0 409.2 178.2 760.7 -23.3 488.9
73.2 191.8 -3.5 775.8 -65.1 284.5
133.8	420.6	178.4	772.5	-10.7	497.1
172.0	365.2	188.2	827.0	-40.3	472.9
138.0	413.0	179.5	767.2	-14.7	489.3
172.4	365.4	187.8	816.4	-39.3	468.7
144.1	400.3	223.9	727.8	-52.4	485.3
179.2	368.4	250.1	765.4	-78.5	478.7
154.0	399.2	227.4	733.4	-51.5	485.3
138.0	352.0	209.2	797.0	-90.6	481.0
128.2	379.0	206.6	778.6	-74.4	494.6
135.4	377.2	212.2	781.8	-76.2	494.4
144.0	373.6	220.0	785.0	-79.8	493.0
140.5	376.1	205.7	784.1	-68.7	488.2
102.7	492.7	263.4	651.3	-31.5	538.0
101.0	487.4	243.4	659.2	-22.0	529.4
113.0	503.6	266.1	661.6	-22.4	548.2
109.2	494.8	240.5	669.5	-12.2	535.4
117.9	505.5	254.4	671.9	-11.5	547.6
123.6	510.8	252.9	680.6	-4.8	552.4
114.9	492.5	220.4	683.0	1.7	529.8
113.7	486.3	200.5	691.7	10.7	520.8
130.4	508.6	234.5	694.9	8.4	547.6
120.2	487.4	190.6	703.6	20.4	520.6
133.8	506.4	219.2	708.0	18.0	544.6
76.6	469.0	147.1	760.7	3.7	535.1
88.5	483.3	168.3	763.9	3.0	552.3
85.7	472.7	142.9	773.4	12.2	538.7
93.9	479.1	153.0	777.4	12.4	547.1
95.6	476.0	139.6	786.9	20.1	542.5
95.5	457.9	176.9	746.9	-19.6	534.3
100.9	457.9	178.3	751.7	-18.8	535.7
106.3	457.9	179.7	756.5	-18.0	537.1
112.2	457.0	181.2	762.1	-17.7	538.1
118.6	455.2	182.8	768.5	-17.9	538.7
124.3	454.9	170.2	785.9	-7.2	537.9
131.4	452.2	172.9	792.3	-8.3	537.9
139.2	448.6	176.7	798.7	-10.3	537.3
152.0	436.0	181.5	813.1	-17.3	532.7
138.3	446.3	176.1	782.8	-9.8	527.7
148.4	436.0	177.9	797.0	-14.8	524.8
98.0	470.0	261.0	695.6	-57.8	536.2
101.9	472.7	262.1	698.0	-55.5	538.8
105.8	475.4	263.2	700.4	-53.2	541.4
109.7	478.1	264.3	702.8	-50.9	544.0
113.6	480.8	265.4	705.2	-48.6	546.6
109.0	472.0	231.5	718.6	-32.8	532.2
122.4	468.4	263.3	702.6	-46.0	526.0
126.05	471.55	264.35	704.6	-43.45	528.8
129.7	474.7	265.4	706.6	-40.9	531.6
133.85	476.95	266.55	709.4	-38.85	534.0
137.4	480.28	267.58	711.24	-36.2	536.88
140.9	483.7	268.6	713.0	-33.5	539.8
145.3	485.5	269.8	716.2	-31.7	542.0
148.9	487.7	270.1	718.6	-29.3	544.0
138.4	466.0	225.4	727.3	-17.2	516.4
140.7	467.9	225.1	730.9	-15.5	519.2
94.8	448.8	189.1	776.7	-38.0	532.0
110.7	449.7	245.4	736.7	-58.7	522.8
117.1	449.7	251.8	737.5	-59.9	523.2
123.5	449.7	258.2	738.3	-61.1	523.6
129.9	449.7	264.6	739.1	-62.3	524.0
136.3	449.7	271.0	739.9	-63.5	524.4
130.7	469.5	270.2	727.1	-51.7	534.6
137.1	469.5	276.6	727.9	-52.9	535.0
143.2	469.0	282.2	728.7	-54.0	534.8
135.6	447.0	245.1	735.0	-45.2	507.2
142.0	447.0	251.5	735.8	-46.4	507.6
148.4	447.0	257.9	736.6	-47.6	508.0
140.8	470.4	256.7	720.6	-33.8	519.8
147.2	470.4	263.1	721.4	-35.0	520.2
153.6	470.4	269.5	722.2	-36.2	520.6
158.4	469.6	274.5	724.2	-38.0	521.2
118.5	450.7	247.2	764.6	-62.0	531.7
124.9	450.7	253.6	765.4	-63.2	532.1
131.3	450.7	260.0	766.2	-64.4	532.5
113.6	463.8	229.4	753.3	-40.9	528.3
120.0	463.8	235.8	754.1	-42.1	528.7
126.4	463.8	242.2	754.9	-43.3	529.1
132.8	463.8	248.6	755.7	-44.5	529.5
139.2	463.8	255.0	756.5	-45.7	529.9
145.6	463.8	261.4	757.3	-46.9	530.3
193.0	388.4	295.9	792.4	-95.1	482.3
164.4	453.2	300.1	731.6	-62.3	510.5
202.3	396.5	312.8	782.8	-95.0	485.7
174.0	455.8	299.3	737.0	-53.3	507.5
181.3	355.3	271.1	754.3	-99.8	432.7
156.0	404.0	269.5	704.5	-73.0	451.0
140.7	341.7	243.9	778.7	-117.7	437.8
122.4	380.0	245.2	737.1	-97.0	451.0
146.3	348.5	255.1	765.9	-115.7	437.4
142.0	374.0	303.6	710.4	-132.0	454.8
157.1	384.7	331.2	712.0	-137.1	469.2
156.4	367.6	307.1	722.3	-131.6	450.4
165.5	389.1	333.5	714.3	-130.7	469.6
93.6	482.2	249.3	663.8	-44.8	508.8
107.3	497.9	281.2	658.2	-49.1	525.0
104.0	486.6	261.6	658.1	-42.4	507.2
117.4	501.8	292.7	652.5	-46.6	522.8
114.1	490.5	273.1	652.4	-39.9	505.0
128.0	504.8	304.3	647.6	-44.6	520.2
123.4	493.2	284.1	648.7	-38.6	503.2
95.8	491.0	285.8	679.9	-64.3	527.9
93.0	478.8	266.3	680.6	-58.1	509.7
106.9	493.1	297.5	675.8	-62.8	524.9
48.7	345.9	327.6	500.5	-208.8	395.9
57.4	349.8	343.7	496.5	-212.1	399.3
65.6	354.6	359.7	491.7	-214.9	403.1
74.3	358.5	375.8	487.7	-218.2	406.5
46.9	300.9	301.8	478.2	-214.8	337.7
60.7	313.3	331.5	474.2	-219.8	351.3
74.8	326.2	362.0	470.2	-224.9	365.5
85.2	331.2	381.4	467.0	-229.1	370.9
97.1	338.7	404.8	463.8	-233.8	379.3
78.5	292.3	351.8	455.9	-234.0	325.3
50.6	283.6	349.2	490.9	-261.5	345.5
63.5	289.3	372.8	489.3	-267.2	353.1
77.3	295.1	397.1	489.3	-273.2	361.7
90.5	298.5	418.1	490.9	-279.0	368.3
78.9	241.9	366.8	495.0	-285.2	311.3
79.8	281.2	389.5	478.2	-273.9	341.5
90.9	268.3	397.2	483.8	-282.0	332.9
55.4	344.2	311.1	531.8	-208.9	406.9
38.1	306.9	266.5	520.7	-208.2	361.1
49.2	319.6	285.3	520.6	-206.3	372.1
62.5	333.3	322.3	509.5	-215.8	387.5
72.6	343.0	344.6	503.9	-218.9	396.5
59.2	312.2	310.4	492.8	-219.5	358.5
66.0	312.4	309.9	509.1	-221.3	369.1
24.45	291.6	272.8	544.1	-238.2	369.7
26.9	290.7	269.1	543.6	-233.2	364.1
41.65	313.95	272.35	565.9	-211.35	381.7
54.0	328.08	303.98	557.54	-217.1	396.18
56.2	322.0	324.7	534.8	-233.3	390.5
54.9	308.3	327.7	519.0	-243.6	375.3
62.1	313.7	339.8	515.6	-243.6	378.5
71.4	319.8	361.2	508.6	-248.9	384.5
64.0	299.0	343.0	497.5	-251.5	358.5
77.9	313.3	374.2	492.7	-256.2	373.7
67.8	303.4	318.2	529.4	-238.1	372.5
76.0	306.4	329.4	530.2	-239.9	376.5
92.4	329.2	334.1	556.3	-219.9	396.9
99.6	329.2	348.8	551.6	-226.7	398.9
61.9	311.3	328.2	587.5	-253.5	410.4
59.7	332.9	343.6	564.5	-248.3	421.4
86.9	384.9	325.3	636.8	-187.1	463.4
99.6	395.4	348.5	637.6	-190.4	476.4
94.8	375.4	331.2	632.9	-193.2	454.4
108.4	387.4	356.8	633.7	-196.8	469.2
103.3	366.9	338.7	629.0	-199.5	446.6
105.2	402.8	367.5	605.0	-192.2	471.4
100.1	382.3	349.4	600.3	-194.9	448.8
113.7	394.3	375.0	601.1	-198.5	463.6
108.6	373.8	356.9	596.4	-201.2	441.0
91.9	374.9	362.8	624.8	-221.6	463.9
86.5	353.9	343.9	620.1	-224.2	440.7
100.4	366.4	370.3	620.9	-227.9	456.1
79.1	367.5	347.1	589.0	-217.2	438.7
95.4	384.0	379.9	589.8	-221.7	458.9
88.2	360.0	356.2	585.1	-223.7	432.1
101.4	373.2	383.6	587.1	-228.3	449.5
79.6	348.6	357.7	599.8	-242.7	433.3
92.6	359.6	381.7	600.6	-246.1	446.9
93.0	346.4	375.4	594.7	-249.5	431.9
181.5	352.1	361.1	422.3	-118.0	365.1
187.5	385.3	212.8	558.8	16.8	369.1
166.7	346.9	157.6	566.2	17.6	324.3
194.6	381.4	227.5	561.5	3.9	367.7
176.4	340.4	168.3	562.3	10.9	318.9
203.9	374.2	237.0	557.6	-2.65	361.4
186.1	333.9	179.0	558.4	4.2	313.5
200.6	391.2	248.8	528.1	2.3	364.9
165.0	346.8	182.8	547.5	-3.3	324.5
169.8	342.8	191.1	542.8	-9.3	321.7
196.75	377.05	252.3	543.6	-17.35	363.2
179.5	336.3	201.8	538.9	-16.0	316.3
195.1	329.5	335.1	448.4	-108.8	335.1
201.5	329.5	341.5	449.2	-110.0	335.5
195.4	353.8	350.2	424.4	-99.7	345.7
180.3	347.3	344.6	446.2	-114.4	353.1
186.7	347.3	351.0	447.0	-115.6	353.5
193.1	347.3	357.4	447.8	-116.8	353.9
199.5	347.3	363.8	448.6	-118.0	354.3
205.9	347.3	370.2	449.4	-119.2	354.7
212.3	347.3	376.6	450.2	-120.4	355.1
208.2	368.0	385.7	428.6	-112.1	363.7
192.6	330.8	335.9	427.2	-108.1	320.1
167.1	310.3	315.9	446.5	-127.5	315.2
175.1	313.5	324.1	449.5	-127.1	318.8
174.7	301.1	317.3	445.9	-130.3	305.6
174.9	290.5	308.4	445.6	-130.5	293.6
183.3	294.1	318.9	447.5	-131.3	298.0
203.3	360.7	393.5	425.7	-127.9	359.0
185.7	320.7	335.9	426.5	-121.1	311.4
155.8	288.2	297.0	442.8	-136.2	289.2
167.0	296.2	316.2	443.6	-139.0	299.2
174.0	297.2	324.2	444.4	-140.4	300.8
182.2	300.2	335.4	445.2	-142.2	304.8
210.2	336.2	399.4	446.0	-150.6	348.4
169.1	299.1	319.7	416.5	-134.3	287.2
163.3	305.3	334.6	436.5	-150.4	308.1
175.1	314.3	355.4	437.3	-153.4	319.3
182.7	316.3	365.0	438.1	-155.0	322.1
190.9	319.3	376.2	438.9	-156.8	326.1
247.0	432.8	373.3	566.2	-51.9	425.9
243.7	441.3	392.0	585.0	-67.7	448.4
238.9	421.3	374.7	580.3	-70.5	426.4
252.8	433.8	401.1	581.1	-74.2	441.8
230.5	447.1	385.1	542.8	-60.5	433.6
244.4	459.6	411.5	543.6	-64.2	449.0
220.8	434.8	385.1	558.1	-79.7	434.3
234.7	447.3	411.5	558.9	-83.4	449.7
229.9	427.3	394.2	554.2	-86.2	427.7
243.8	439.8	420.6	555.0	-89.9	443.1
239.3	420.3	404.1	550.3	-92.8	421.7
232.2	426.2	418.4	571.5	-109.6	443.4
227.4	406.2	401.1	566.8	-112.4	421.4
241.3	418.7	427.5	567.6	-116.1	436.8
236.8	399.2	411.0	562.9	-119.0	415.4
250.4	411.2	436.6	563.7	-122.6	430.2
223.2	435.4	421.1	516.6	-103.6	427.6
214.2	440.0	433.2	539.0	-120.9	448.9
210.0	421.0	417.5	534.3	-123.9	428.1
223.3	432.5	442.3	535.1	-127.4	442.3
219.1	413.5	426.6	530.4	-130.4	421.5
232.4	425.0	451.4	531.2	-133.9	435.7
228.5	406.5	436.5	526.5	-137.0	415.5
214.1	407.7	442.8	552.5	-155.9	436.2
210.8	390.2	429.5	547.8	-159.2	417.2
222.9	399.7	451.1	548.6	-162.3	429.0
219.3	381.7	437.0	543.9	-165.5	409.4
232.0	392.2	460.2	544.7	-168.8	422.4
271.0	461.2	485.7	606.0	-122.2	488.0
260.5	431.7	453.2	601.3	-123.1	454.6
242.2	423.6	444.8	625.5	-139.0	462.4
247.6	425.4	451.0	624.7	-139.2	463.6
224.0	481.2	456.2	571.9	-111.4	487.8
230.4	481.2	462.6	572.7	-112.6	488.2
235.2	480.4	467.6	574.7	-114.4	488.8
207.3	406.3	352.7	535.9	-55.6	435.7
217.1	409.7	364.8	536.1	-57.7	437.4
224.6	409.4	370.8	535.1	-57.4	436.8
231.5	410.5	379.0	536.5	-59.5	438.0
241.8	413.8	391.0	536.1	-61.2	439.0
225.3	381.5	353.5	535.6	-63.9	407.4
235.0	387.4	369.6	538.8	-69.3	411.7
216.0	369.6	345.6	552.8	-73.5	410.1
245.0	389.4	385.4	546.4	-77.1	416.3
250.2	392.2	396.2	552.0	-83.1	420.3
254.3	395.3	407.4	559.4	-90.6	425.3
256.5	398.3	418.3	569.2	-99.9	431.4
256.9	400.7	426.6	578.2	-108.1	437.2
226.7	456.3	432.5	536.4	-88.9	466.2
225.2	456.6	438.8	548.0	-98.5	471.9
212.3	437.5	422.3	554.7	-110.2	456.5
209.5	436.3	426.1	566.3	-119.2	461.5
207.0	434.4	428.8	576.7	-127.0	465.6
205.1	431.1	429.3	584.7	-132.4	467.9
203.5	427.1	428.7	591.5	-136.6	469.3
201.1	422.7	427.4	598.9	-141.1	470.8
192.8	405.0	413.2	599.0	-147.1	457.3
190.6	399.0	409.35	604.3	-149.35	457.05
190.9	391.7	403.6	604.8	-147.4	453.9
187.0	372.4	395.4	592.8	-153.3	438.1
173.5	345.5	317.0	618.7	-118.1	401.4
175.0	336.0	308.0	616.5	-114.0	393.0
202.5	322.5	294.5	575.3	-78.4	364.1
205.5	320.3	294.3	574.5	-77.8	360.5
182.4	375.2	299.6	522.5	-50.5	384.3
201.9	403.7	310.1	550.8	-29.4	410.9
215.8	416.2	336.5	551.6	-33.1	426.3
192.2	391.4	310.1	566.1	-48.6	411.6
206.1	403.9	336.5	566.9	-52.3	427
181.5	325.3	276.2	516.6	-68.1	335.4
176	337.2	300.8	546.8	-96.6	355.4
175	318.2	276.2	535.6	-81	341.2
180	316.8	280.3	537	-82.3	340.5
191.1	320.9	293.5	535.4	-82.8	343.5
197.5	320.9	299.9	536.2	-84	343.9
203.9	320.9	306.3	537	-85.2	344.3
217.7	326.7	322.4	533.6	-84.9	347.6
170.9	284.7	267.1	561.9	-105.7	325.6
177.3	284.7	273.5	562.7	-106.9	326
182.7	286.5	279.7	561.9	-107.1	327.2
162.9	337.3	286.2	513.3	-82	348.9
174.9	340.1	297.5	509.9	-81.1	348.6
181.3	340.1	303.9	510.7	-82.3	349
186.9	339.7	309.6	512.1	-83.8	349.5
198.1	342.1	320.2	509.3	-83.2	349.3
163.3	326.1	297.9	546.1	-105.5	359.8
171.2	328.6	308.3	546.9	-107.2	363.2
164.6	305.6	286.2	542.2	-109.4	337.6
171.0	305.6	292.6	543.0	-110.6	338.0
177.4	305.6	299.0	543.8	-111.8	338.4
182.2	304.8	304.0	545.8	-113.6	339.0
192.6	306.8	313.9	543.6	-113.3	338.9
202.3	312.3	329.1	544.4	-115.6	345.9
209.3	314.1	333.4	548.5	-113.8	347.5
210.8	301.0	324.3	540.5	-113.9	329.3
152.5	330.3	309.3	526.4	-117.8	359.5
153.2	320.8	300.5	527.2	-117.1	348.5
155.8	315.0	294.3	530.2	-114.9	341.3
160.0	312.4	289.9	535.4	-111.1	337.3
167.3	312.3	306.1	529.6	-119.0	339.5
175.3	314.7	318.0	529.3	-121.8	343.1
182.0	315.2	325.2	530.1	-123.1	344.1
191.3	321.1	334.4	535.3	-121.0	350.3
176.1	269.5	349.6	475.0	-173.1	305.8
186.5	271.5	359.5	472.8	-172.8	305.7
159.4	259.0	343.4	503.6	-192.0	314.6
165.8	259.0	349.8	504.4	-193.2	315.0
172.2	259.0	356.2	505.2	-194.4	315.4
177.6	260.8	362.4	504.4	-194.6	316.6
160.0	305.8	368.8	461.2	-172.8	336.0
222.9	410.5	413.9	541.2	-103.4	430.7
241.0	426.4	445.8	538.4	-104.6	450.0
210.8	395.0	408.5	555.3	-120.0	430.8
227.2	413.0	443.9	559.1	-128.2	450.2
208.7	387.9	417.3	565.8	-137.2	433.1
207.8	386.4	420.5	572.6	-141.3	439.7
202.2	369.6	407.8	569.1	-144.3	427.1
223.4	405.6	405.7	616.9	-111.6	454.2
234.3	408.7	417.4	615.3	-112.2	454.9
241.5	409.1	424.5	615.5	-113.1	455.2
254.7	409.1	431.4	607.3	-107.4	451.3
214.2	432.4	471.7	696.9	-186.0	505.0
191.4	467.8	477.8	641.9	-172.8	515.4
197.8	467.8	484.2	642.7	-174.0	515.8
204.2	467.8	490.6	643.5	-175.2	516.2
210.6	467.8	497.0	644.3	-176.4	516.6
211.4	459.8	482.3	650.6	-170.4	505.8
217.8	459.8	488.7	651.4	-171.6	506.2
224.2	459.8	495.1	652.2	-172.8	506.6
230.6	459.8	501.5	653.0	-174.0	507.0
237.0	459.8	507.9	653.8	-175.2	507.4
243.4	459.8	514.3	654.6	-176.4	507.8
249.8	459.8	520.7	655.4	-177.6	508.2
243.7	436.3	506.1	645.2	-185.3	483.6
250.1	436.3	512.5	646.0	-186.5	484.0
256.5	436.3	518.9	646.8	-187.7	484.4
238.4	482.2	525.2	602.8	-165.4	504.2
244.8	482.2	531.6	603.6	-166.6	504.6
193.0	454.8	489.8	650.0	-191.8	514.0
183.5	451.1	489.1	667.6	-204.4	520.7
193.7	451.3	496.1	663.6	-202.0	518.9
117.0	322.4	381.3	624.0	-247.5	393.1
104.05	310.55	364.2	640.2	-252.75	390.3
113.7	310.5	362.6	641.7	-245.0	385.5
186.8	342.2	416.5	595.2	-212.9	373.5
128.4	310.2	358.6	649.5	-232.5	380.3
96.0	295.8	330.8	689.4	-248.0	388.8
126.2	327.2	346.9	708.1	-221.4	409.6
134.2	328.0	354.7	707.7	-222.0	409.8
145.4	330.4	365.3	704.9	-221.4	409.6
183.4	407.8	421.7	615.3	-176.0	423.4
96.3	365.3	353.1	691.1	-217.7	439.8
113.5	360.5	361.5	672.6	-214.8	422.7
134.3	367.7	380.5	662.6	-210.6	421.3
149.0	378.6	399.6	664.3	-209.1	431.5
153.9	364.9	419.3	638.4	-228.8	418.7
165.5	370.9	405.9	654.2	-208.0	415.9
176.4	372.8	415.7	651.4	-207.3	415.1
188.8	377.2	429.5	648.6	-207.1	417.3
200.0	379.6	440.1	645.8	-206.5	417.1
116.1	338.7	374.3	719.2	-247.0	433.1
126.0	383.8	403.8	673.4	-226.0	448.8
137.1	367.9	394.5	654.3	-220.5	417.8
151.5	371.9	407.9	649.1	-218.7	417.2
169.9	377.9	424.8	640.9	-215.4	416.1
107.1	347.9	378.0	698.7	-248.2	430.1
131.6	359.4	404.0	687.5	-244.1	432.7
149.0	367.2	420.7	677.7	-239.8	432.4
160.2	390.6	441.3	649.1	-228.3	437.1
179.6	399.2	462.3	641.5	-225.9	439.7
103.9	340.1	380.5	693.6	-258.7	420.0
161.3	274.7	336.5	809.2	-261.9	399.0
121.4	227.6	185.0	856.0	-204.4	329.8
235.1	355.3	476.4	777.3	-266.9	471.8
179.9	326.9	437.8	825.2	-299.2	482.3
197.1	328.5	431.1	822.6	-278.9	473.0
223.3	340.3	464.6	808.2	-281.6	472.9
253.5	378.1	462.6	846.8	-238.0	497.1
215.3	366.7	447.0	890.2	-265.4	519.5
216.0	385.4	456.8	869.0	-259.4	518.2
208.4	375.0	445.5	876.4	-261.5	516.9
205.1	365.9	436.6	879.6	-260.9	514.2
228.6	353.2	423.9	843.2	-228.5	490.9
253.6	364.2	449.3	832.0	-224.9	490.7
248.0	361.8	459.8	845.9	-247.5	491.3
241.9	370.7	479.1	870.1	-268.3	514.0
232.2	379.0	473.8	837.2	-258.5	506.1
254.9	398.3	511.7	833.8	-261.5	523.4
217.3	367.9	475.2	859.7	-283.1	513.0
248.5	385.9	511.9	845.5	-278.4	520.5
238.9	378.3	513.3	855.2	-293.7	524.0
237.5	359.7	490.3	852.4	-288.9	498.6
257.6	336.8	469.9	809.3	-259.9	461.3
279.6	363.2	518.8	812.5	-269.4	490.2
228.1	300.9	484.1	720.5	-308.6	411.5
231.7	310.9	395.6	793.8	-236.6	399.1
405.1	271.9	355.0	526.6	-20.4	255.9
410.3	267.9	353.2	524.9	-15.9	253.2
415.1	262.7	352.8	521	-13.4	249.7
420.8	259.2	356.75	516.3	-12.55	248.85
422.6	250.0	346.6	514.9	-7.2	240.2
415.8	267.0	354.8	483.2	1.0	247.2
409.9	247.7	320.1	488.2	13.4	225.7
421.4	252.2	350.1	475.0	3.5	237.3
424.5	244.3	350.3	468.4	2.8	232.1
427.1	235.3	350.4	460.7	1.2	225.9
427.3	223.9	348.2	453.1	-1.8	218.3
417.1	231.9	346.5	425.0	5.4	217.7
417.1	219.5	341.1	417.9	4.1	208
416.8	206.6	334.9	410.8	2.9	197.7
414.6	192.4	326.5	404.9	1.2	187
412.3	178.3	316.6	400.1	0.6	176.1
401.2	182.8	309.0	376.4	9.0	172.6
399.5	170.5	297.0	374.9	11.4	162.9
397.2	158.4	283.6	375.1	14.5	153.7
393.0	145.0	268.0	376.5	17.1	144.1
455.8	254.2	369.0	429.5	49.7	265.1
442.6	260.0	363.6	403.2	56.2	263.6
439.1	245.5	354.6	398.5	53.8	253.7
434.8	230.6	344.9	394.4	51.1	243.9
430.2	215.2	334.4	390.3	48.5	233.5
424.5	198.9	322.4	386.8	45.7	222.6
405.2	204.4	308.1	365.8	54.7	221.9
399.6	190.4	292.25	367.85	56.1	212.9
392.6	176.2	274.3	372.2	57.9	204.5
385.1	166.9	231.9	399.2	79.2	194.7
378.1	156.3	225.4	403.9	72.8	192.5
342.1	86.7	194.3	363.6	29.8	131.9
392.2	261.2	449.4	439.2	-97.2	259.8
398.4	252.6	442	430.4	-87.6	251.6
400.1	254.5	451.1	439.6	-96	256.9
404.8	249.4	449.2	436.8	-92.4	253.2
408.7	243.9	446.6	434.6	-89.1	249.6
411.8	238	443.3	433	-86.1	246.1
311.5	149.1	274.6	397.1	-39.9	191.2
118.7	244.5	110.7	529.7	-22.5	323.8