(-40.09295449327722, -11.808683245815308)
(-34.22396820942889, -0.9899494936611762)
(-21.142492757477793, 9.263098833543765)
(-40.446507883870495, -11.455129855222035)
(-36.20386719675122, -2.9698484809835053)
(-19.869700551342003, 11.242997820866103)
(-40.80006127446377, -11.101576464628755)
(-34.43610024378486, -0.4949747468305932)
(-20.15254326381662, 10.960155108391486)
(-41.096534273844554, -10.717072893186634)
(-36.50959273206727, -2.518295690483473)
(-20.464141355765012, 10.663355444344353)
(-41.436457377531674, -10.323759005323572)
(-34.78965363437813, -0.14142135623731944)
(-20.718228688765862, 10.394469683442244)
(-41.71930009000628, -9.899494936611648)
(-36.769552621700484, -2.1213203435596286)
(-21.001071401240488, 10.11162697096762)
(-41.93143212436227, -9.404520189781051)
(-35.143207024971396, 0.21213203435596145)
(-21.283914113715106, 9.828784258493002)
(-42.21427483683688, -8.98025612106912)
(-37.052395334175074, -1.6970562748477338)
(-21.56675682618971, 9.545941546018392)
(-42.497117549311504, -8.5559920523572)
(-35.42604973744602, 0.6363961030678827)
(-20.293964620053934, 11.525840533340721)
(-42.7799602617861, -8.131727983645257)
(-37.3352380466497, -1.272792206135792)
(-20.57680733252856, 11.242997820866098)
(-42.92138161802342, -7.566042558696036)
(-35.70889244992063, 1.0606601717798183)
(-20.859650045003175, 10.960155108391474)
(-43.06280297426073, -7.000357133746781)
(-37.61808075912431, -0.8485281374238735)
(-21.142492757477797, 10.677312395916863)
(-43.274935008616694, -6.50538238691619)
(-36.06244584051391, 1.4142135623730834)
(-21.42533546995241, 10.394469683442242)
(-43.48706704297267, -6.010407640085634)
(-37.83021279348028, -0.35355339059327684)
(-21.708178182427034, 10.11162697096762)
(-43.55777772109132, -5.374011537017738)
(-36.415999231107186, 1.7677669529663658)
(-21.99102089490165, 9.828784258493007)
(-43.62848839920996, -4.737615433949832)
(-38.04234482783624, 0.14142135623730115)
(-20.718228688765866, 11.80868324581534)
(-43.69919907732862, -4.101219330881959)
(-36.557420587344495, 2.3334523779156084)
(-21.001071401240484, 11.525840533340716)
(-43.76990975544729, -3.464823227814074)
(-38.32518754031087, 0.5656854249492532)
(-21.28391411371511, 11.242997820866107)
(-43.769909755447294, -2.7577164466275015)
(-36.76955262170044, 2.8284271247461765)
(-21.566756826189735, 10.960155108391481)
(-43.62848839920996, -1.9091883092036412)
(-38.53731957466684, 1.0606601717798327)
(-21.84959953866435, 10.67731239591686)
(-43.62848839920998, -1.2020815280170742)
(-36.769552621700456, 3.5355339059327195)
(-22.13244225113896, 10.394469683442239)
(-43.55777772109133, -0.42426406871190203)
(-38.74945160902278, 1.5556349186103906)
(-22.415284963613598, 10.111626970967619)
(-43.48706704297267, 0.3535533905932909)
(-36.91097397793778, 4.101219330881981)
(-21.42533546995241, 11.808683245815331)
(-43.34564568673537, 1.2020815280171397)
(-38.96158364337876, 2.0506096654409887)
(-21.708178182427034, 11.525840533340707)
(-43.20422433049804, 2.0506096654409895)
(-37.123106012293725, 4.596194077712549)
(-21.991020894901652, 11.242997820866101)
(-42.9920922961421, 2.969848480983536)
(-39.10300499961607, 2.6162950903902176)
(-22.273863607376278, 10.960155108391477)
(-42.497117549311504, 4.171930009000659)
(-37.26452736853104, 5.161879502661787)
(-22.55670631985089, 10.677312395916855)
(-42.214274836836886, 5.161879502661832)
(-39.24442635585338, 3.1819805153394554)
(-22.8395490323255, 10.394469683442242)
(-41.79001076812494, 6.29325035256032)
(-37.3352380466497, 5.798275605729684)
(-23.12239174480014, 10.111626970967624)
(-41.36574669941302, 7.141778489984159)
(-39.38584771209069, 3.7476659402886963)
(-21.920310216782998, 12.020815280171306)
(-40.65863991822647, 8.13172798364533)
(-36.91097397793777, 6.929646455628167)
(-22.20315292925762, 11.737972567696682)
(-39.95153313703992, 8.838834764831867)
(-39.527269068327996, 4.313351365237934)
(-22.485995641732234, 11.455129855222058)
(-38.749451609022785, -10.46518036156088)
(-37.19381669041238, 7.353910524340077)
(-22.768838354206853, 11.172287142747448)
(-39.45655839020936, -9.758073580374338)
(-39.45655839020934, 5.091168824543136)
(-23.051681066681468, 10.889444430272823)
(-39.103004999616054, -10.111626970967604)
(-37.61808075912431, 7.636753236814699)
(-23.334523779156086, 10.606601717798204)
(-39.456558390209345, -9.758073580374315)
(-39.45655839020934, 5.798275605729677)
(-23.61736649163071, 10.323759005323584)
(-39.739401102683956, -9.333809511662407)
(-38.537319574666824, 7.424621202458744)
(-22.41528496361358, 12.23294731452727)
(-39.95153313703992, -8.838834764831814)
(-39.24442635585336, 6.717514421272195)
(-22.698127676088205, 11.950104602052638)
(-40.23437584951453, -8.414570696119888)
(-25.66797615707167, 2.61629509039023)
(-22.980970388562817, 11.667261889578029)
(-40.375797205751844, -7.848885271170666)
(-20.08183258569795, 8.202438661763955)
(-23.26381310103745, 11.3844191771034)
(-40.44650788387051, -7.2124891681027545)
(-26.02152954766494, 2.96984848098349)
(-23.546655813512068, 11.10157646462879)
(-40.51721856198918, -6.576093065034877)
(-20.506096654409877, 8.485281374238571)
(-23.829498525986676, 10.818733752154175)
(-40.517218561989175, -5.8689862838483196)
(-26.339727599198888, 3.3587572106360897)
(-24.112341238461287, 10.535891039679552)
(-40.4465078838705, -5.091168824543116)
(-20.930360723121797, 8.768124086713188)
(-24.395183950935913, 10.253048327204926)
(-40.16366517139589, -4.5254833995938855)
(-26.657925650732842, 3.7476659402887043)
(-24.678026663410535, 9.970205614730311)
(-39.77475644174329, -4.0658639918226305)
(-21.354624791833725, 9.050966799187808)
(-22.698127676088202, 12.65721138323919)
(-39.31513703397202, -3.6769552621700314)
(-21.849599538664314, 9.263098833543776)
(-22.980970388562834, 12.374368670764563)
(-36.199371113171615, -3.3903120174121626)
(-26.978064801491694, 4.139446874575759)
(-23.275001921412276, 12.086495989090672)
(-36.55742058734451, -3.3234018715767304)
(-22.27386360737624, 9.545941546018382)
(-23.54665581351206, 11.808683245815342)
(-14.990663761154794, 13.293607486307117)
(-27.223611075682076, 4.596194077712565)
(-23.829498525986676, 11.525840533340721)
(-37.830212793480264, -3.1819805153394243)
(-22.768838354206828, 9.758073580374358)
(-24.112341238461298, 11.242997820866103)
(-38.2544768621922, -3.1819805153394416)
(-27.506453788156687, 5.020458146424479)
(-24.395183950935913, 10.960155108391483)
(-36.91097397793777, -3.2526911934580913)
(-23.405234457274712, 9.828784258493)
(-24.678026663410535, 10.677312395916868)
(-37.40594872476834, -3.1819805153394265)
(-27.57716446627534, 5.656854249492372)
(-24.960869375885146, 10.39446968344224)
(-35.70889244992063, -7.424621202458727)
(-24.041630560342604, 9.899494936611656)
(-25.24371208835978, 10.111626970967615)
(-37.33523804664972, -9.050966799187794)
(-27.57716446627533, 6.36396103067891)
(-25.526554800834386, 9.82878425849301)
(-35.991735162395265, -7.70746391493336)
(-24.96086937588512, 9.828784258493009)
(-25.809397513309, 9.545941546018389)
(-36.27457787486987, -7.990306627407959)
(-27.718585822512658, 7.071067811865475)
(-23.051681066681482, 13.010764773832463)
(-36.55742058734449, -8.273149339882586)
(-26.30437226013956, 9.33380951166242)
(-23.334523779156093, 12.727922061357845)
(-36.84026329981911, -8.555992052357192)
(-26.799347006970148, 8.980256121069152)
(-23.617366491630712, 12.445079348883228)
(-37.12310601229372, -8.838834764831807)
(-27.294321753800716, 8.343860018001244)
(-23.900209204105344, 12.162236636408611)
(-36.41599923110717, -7.42462120245871)
(-26.940768363207457, 8.838834764831843)
(-24.183051916579952, 11.879393923933991)
(-38.04234482783624, -9.050966799187778)
(-15.41492782986674, 13.576450198781709)
(-24.46589462905457, 11.596551211459374)
(-37.12310601229373, -7.424621202458716)
(-15.839191898578644, 13.859292911256311)
(-24.74873734152918, 11.31370849898475)
(-39.31513703397205, -9.61665222413703)
(-16.263455967290582, 14.14213562373094)
(-25.03158005400381, 11.030865786510125)
(-37.90092347159893, -7.49533188057735)
(-16.687720036002506, 14.424978336205562)
(-25.31442276647844, 10.748023074035517)
(-39.315137033972036, -8.909545442950472)
(-17.11198410471445, 14.70782104868019)
(-25.597265478953044, 10.465180361560888)
(-40.02224381515857, -8.909545442950465)
(-17.60695885154502, 14.919953083036145)
(-25.88010819142767, 10.182337649086275)
(-37.33523804664968, -6.222539674441577)
(-18.03122292025696, 15.202795795510774)
(-26.16295090390229, 9.899494936611656)
(-36.41599923110716, -4.5961940777125125)
(-18.526197667087526, 15.414927829866723)
(-26.445793616376903, 9.616652224137038)
(-39.59797974644664, -7.778174593051999)
(-19.021172413918126, 15.627059864222703)
(-26.728636328851533, 9.33380951166241)
(-36.55742058734449, -4.030508652763285)
(-19.516147160748705, 15.83919189857866)
(-27.01147904132613, 9.050966799187805)
(-39.38584771209069, -6.858935777509484)
(-20.01112190757931, 16.051323932934636)
(-27.15290039756345, 8.909545442950478)
(-37.19381669041238, -3.9597979746446335)
(-20.576807332528524, 16.192745289171928)
(-23.405234457274744, 13.364318164425729)
(-39.24442635585337, -6.010407640085612)
(-21.0717820793591, 16.40487732352789)
(-23.68807716974937, 13.081475451951102)
(-37.83021279348028, -3.889087296525982)
(-21.637467504308365, 16.546298679765222)
(-23.97091988222399, 12.798632739476503)
(-38.890872965260094, -4.94974746830581)
(-22.203152929257598, 16.687720036002535)
(-24.25376259469861, 12.51579002700189)
(-38.53731957466684, -3.8890872965260073)
(-22.768838354206828, 16.829141392239833)
(-24.536605307173236, 12.232947314527257)
(-36.69884194358179, -7.707463914933338)
(-23.334523779156054, 16.970562748477125)
(-24.819448019647847, 11.950104602052644)
(-36.98168465605644, -7.990306627407963)
(-23.970919882223953, 17.041273426595783)
(-25.102290732122455, 11.667261889578016)
(-37.26452736853104, -8.27314933988258)
(-24.60731598529185, 17.111984104714452)
(-25.38513344459708, 11.384419177103412)
(-37.54737008100565, -8.555992052357192)
(-25.3144227664784, 17.11198410471445)
(-25.667976157071696, 11.101576464628785)
(-37.83021279348029, -8.838834764831823)
(-26.092240225783595, 17.041273426595787)
(-25.950818869546303, 10.818733752154166)
(-38.183766184073555, -7.778174593052008)
(-26.8700576850888, 16.97056274847714)
(-26.23366158202094, 10.535891039679544)
(-38.466608896548166, -8.061017305526603)
(-27.647875144393996, 16.758430714121168)
(-26.516504294495558, 10.253048327204937)
(-38.749451609022785, -8.343860018001209)
(-28.425692603699204, 16.404877323527895)
(-26.79934700697018, 9.970205614730313)
(-39.03229432149741, -8.626702730475861)
(-29.910616844190958, 15.344217151748083)
(-27.08218971944479, 9.6873629022557)
(-37.40594872476834, -7.707463914933335)
(-27.930717856868636, 16.61700935788388)
(-27.36503243191941, 9.404520189781083)
(-37.688791437242955, -7.990306627407926)
(-29.3449314192417, 15.909902576697302)
(-27.57716446627539, 9.192388155425107)
(-37.9716341497176, -8.273149339882584)
(-16.82914139223983, 11.455129855222072)
(-23.900209204105327, 13.576450198781698)
(-38.25447686219219, -8.555992052357183)
(-17.253405460951743, 11.737972567696666)
(-24.183051916579956, 13.293607486307089)
(-38.537319574666824, -8.838834764831816)
(-17.677669529663678, 12.020815280171298)
(-24.465894629054567, 13.010764773832463)
(-38.82016228714143, -9.121677477306399)
(-18.101933598375616, 12.303657992645928)
(-24.748737341529193, 12.727922061357857)
(-39.103004999616054, -9.404520189781037)
(-18.526197667087544, 12.586500705120546)
(-25.031580054003815, 12.44507934888322)
(-37.618080759124304, -6.505382386916223)
(-18.95046173579946, 12.869343417595156)
(-25.314422766478415, 12.162236636408613)
(-37.90092347159893, -6.788225099390824)
(-17.748380207782336, 10.535891039679546)
(-25.597265478953048, 11.879393923933993)
(-38.18376618407354, -7.071067811865418)
(-18.13728893743492, 10.854089091213488)
(-25.880108191427674, 11.59655121145937)
(-38.46660889654815, -7.35391052434005)
(-18.526197667087548, 11.172287142747447)
(-26.16295090390228, 11.313708498984747)
(-38.749451609022806, -7.636753236814688)
(-18.985817074858787, 11.419774516162736)
(-26.44579361637689, 11.03086578651014)
(-39.03229432149741, -7.919595949289305)
(-19.36058366888767, 11.75211470332042)
(-26.728636328851522, 10.748023074035503)
(-39.31513703397202, -8.2024386617639)
(-19.72827919510467, 12.09152595828995)
(-27.011479041326144, 10.465180361560895)
(-39.59797974644666, -8.485281374238546)
(-20.223253941935262, 12.303657992645926)
(-27.294321753800762, 10.182337649086268)
(-39.81011178080259, -8.6974134085945)
(-20.64751801064717, 12.586500705120526)
(-27.577164466275363, 9.899494936611662)
(-36.69884194358179, -4.879036790187167)
(-21.14249275747775, 12.79863273947649)
(-27.860007178750006, 9.616652224137031)
(-36.98168465605642, -5.161879502661762)
(-21.566756826189696, 13.081475451951125)
(-28.001428534987298, 9.47523086789973)
(-37.26452736853105, -5.444722215136384)
(-22.061731573020293, 13.293607486307103)
(-24.324473272817254, 13.859292911256333)
(-37.54737008100568, -5.7275649276110165)
(-18.738329701443497, 9.545941546018383)
(-24.607315985291873, 13.576450198781709)
(-37.83021279348025, -6.010407640085609)
(-19.021172413918116, 9.263098833543765)
(-24.890158697766495, 13.293607486307089)
(-38.1130555059549, -6.293250352560253)
(-19.304015126392745, 8.980256121069157)
(-25.17300141024112, 13.010764773832468)
(-38.39589821842952, -6.576093065034874)
(-19.586857838867346, 8.697413408594516)
(-25.455844122715725, 12.727922061357852)
(-38.678740930904134, -6.858935777509469)
(-19.86970055134197, 8.41457069611991)
(-25.738686835190357, 12.44507934888323)
(-38.96158364337876, -7.141778489984107)
(-18.950461735799475, 10.040916292848975)
(-26.021529547664972, 12.162236636408622)
(-39.24442635585337, -7.424621202458701)
(-19.233304448274083, 9.758073580374345)
(-26.304372260139584, 11.879393923933998)
(-39.45655839020934, -7.6367532368146565)
(-19.516147160748684, 9.475230867899706)
(-26.587214972614216, 11.59655121145938)
(-36.55742058734448, -4.030508652763291)
(-19.798989873223327, 9.19238815542512)
(-26.87005768508883, 11.313708498984756)
(-36.84026329981911, -4.313351365237907)
(-20.08183258569794, 8.90954544295049)
(-27.15290039756345, 11.030865786510134)
(-37.123106012293725, -4.596194077712517)
(-20.364675298172557, 8.626702730475872)
(-27.435743110038082, 10.748023074035512)
(-37.40594872476833, -4.879036790187113)
(-19.16259377015543, 10.535891039679546)
(-27.71858582251269, 10.465180361560899)
(-37.68879143724297, -5.161879502661766)
(-19.44543648263005, 10.253048327204926)
(-28.00142853498729, 10.182337649086275)
(-37.971634149717595, -5.4447222151363786)
(-19.728279195104676, 9.97020561473032)
(-28.284271247461916, 9.899494936611655)
(-38.254476862192206, -5.727564927611003)
(-20.011121907579298, 9.6873629022557)
(-28.42569260369924, 9.758073580374349)
(-38.537319574666824, -6.010407640085625)
(-20.293964620053917, 9.404520189781081)
(-25.102290732122462, 13.788582233137669)
(-38.82016228714145, -6.293250352560263)
(-20.576807332528542, 9.121677477306473)
(-25.38513344459709, 13.505739520663052)
(-39.10300499961603, -6.576093065034825)
(-20.859650045003153, 8.838834764831843)
(-25.6679761570717, 13.222896808188425)
(-37.47665940288699, -4.242640687119232)
(-19.445436482630043, 10.96015510839148)
(-25.950818869546335, 12.9400540957138)
(-37.759502115361634, -4.525483399593876)
(-19.72827919510467, 10.677312395916855)
(-26.233661582020943, 12.657211383239192)
(-38.042344827836246, -4.808326112068508)
(-20.011121907579287, 10.394469683442237)
(-26.516504294495572, 12.374368670764568)
(-38.32518754031086, -5.091168824543102)
(-20.293964620053917, 10.111626970967627)
(-26.799347006970194, 12.091525958289955)
(-38.6080302527855, -5.37401153701773)
(-20.576807332528535, 9.828784258493009)
(-27.08218971944481, 11.808683245815335)
(-38.89087296526008, -5.65685424949233)
(-20.85965004500315, 9.545941546018392)
(-27.36503243191943, 11.525840533340714)
(-38.1130555059549, -4.171930009000612)
(-23.68807716974934, 1.0606601717798232)
(-27.64787514439404, 11.242997820866098)
(-38.39589821842951, -4.454772721475203)
(-18.526197667087526, 5.515432893255049)
(-27.930717856868657, 10.96015510839148)
(-38.67874093090412, -4.737615433949823)
(-23.263813101037393, 0.7778174593051839)
(-28.213560569343276, 10.677312395916859)
(-38.67874093090413, -3.323401871576736)
(-18.455486988968893, 4.879036790187177)
(-28.49640328181789, 10.394469683442246)
(-32.102647865869244, -0.2828427124745795)
(-22.62741699796951, 0.7071067811865386)
(-28.779245994292506, 10.111626970967619)
(-31.819805153394643, 2.8006985840247316e-14)
(-18.384776310850224, 4.242640687119278)
(-28.991378028648477, 9.899494936611658)
(-31.536962440919996, 0.2828427124746663)
(-21.920310216782973, 0.7071067811865497)
(-26.021529547664972, 13.57645019878171)
(-31.254119728445378, 0.5656854249492744)
(-18.455486988968886, 3.3234018715767677)
(-26.304372260139598, 13.29360748630709)
(-31.53696244092, 0.28284271247465065)
(-21.21320343559642, 0.5656854249492336)
(-26.58721497261422, 13.010764773832461)
(-31.96122650963192, -3.676955262170018)
(-18.95046173579946, 1.9798989873223243)
(-26.870057685088838, 12.727922061357845)
(-34.011836175072915, -5.727564927610988)
(-19.304015126392738, 1.484924240491744)
(-27.15290039756345, 12.445079348883237)
(-32.314779900225204, -3.3234018715767344)
(-19.940411229460636, 0.9899494936611679)
(-27.435743110038068, 12.162236636408604)
(-34.365389565666185, -5.3740115370177355)
(-19.44543648263005, 1.3435028842544312)
(-27.7185858225127, 11.879393923933991)
(-32.59762261269982, -2.8991378028648267)
(-14.70782104868019, 12.869343417595164)
(-28.001428534987305, 11.596551211459365)
(-34.71894295625945, -5.0204581464244304)
(-14.424978336205552, 12.445079348883214)
(-28.284271247461934, 11.313708498984747)
(-32.95117600329307, -2.5455844122715034)
(-14.142135623730933, 12.020815280171284)
(-28.56711395993655, 11.030865786510132)
(-35.00178566873406, -4.5961940777125205)
(-13.859292911256318, 11.596551211459373)
(-28.849956672411178, 10.748023074035512)
(-33.234018715767704, -2.1213203435595895)
(-13.576450198781709, 11.172287142747454)
(-29.13279938488578, 10.465180361560902)
(-35.28462838120869, -4.171930009000586)
(-13.364318164425761, 10.677312395916875)
(-29.4156420973604, 10.182337649086278)
(-33.587572106360966, -1.767766952966305)
(-13.081475451951102, 10.253048327204906)
(-29.55706345359771, 10.040916292848966)
(-35.63818177180197, -3.8183766184073273)
(-12.869343417595145, 9.758073580374335)
(-26.65792565073287, 13.64716087690036)
(-33.87041481883561, -1.3435028842544015)
(-12.657211383239199, 9.263098833543774)
(-26.940768363207493, 13.364318164425725)
(-35.92102448427657, -3.3941125496953846)
(-12.445079348883233, 8.768124086713193)
(-27.223611075682133, 13.081475451951114)
(-17.324116139070394, -6.71751442127216)
(-12.232947314527241, 8.273149339882577)
(-27.506453788156733, 12.798632739476497)
(-18.031222920256933, -7.424621202458718)
(-12.091525958289953, 7.707463914933358)
(-27.789296500631362, 12.515790027001884)
(-18.73832970144349, -8.131727983645254)
(-11.879393923933996, 7.2124891681027865)
(-28.072139213105974, 12.232947314527262)
(-19.445436482630047, -8.838834764831793)
(-11.737972567696671, 6.646803743153525)
(-28.354981925580585, 11.95010460205265)
(-11.525840533340713, -1.6263455967290261)
(-11.596551211459367, 6.0811183182043)
(-28.637824638055196, 11.667261889578034)
(-13.435028842544362, -3.5355339059326956)
(-11.455129855222058, 5.5154328932550625)
(-28.92066735052983, 11.384419177103403)
(-15.41492782986672, -5.515432893255032)
(-11.31370849898475, 4.949747468305823)
(-29.203510063004448, 11.101576464628794)
(-16.404877323527874, -6.505382386916188)
(-11.242997820866096, 4.3133513652379305)
(-29.48635277547906, 10.818733752154166)
(-17.74838020778232, -7.848885271170631)
(-11.172287142747432, 3.676955262170026)
(-29.769195487953684, 10.535891039679552)
(-11.667261889578015, -2.474873734152875)
(-11.172287142747438, 2.969848480983493)
(-30.052038200428296, 10.253048327204935)
(-13.364318164425713, -4.171930009000572)
(-11.242997820866083, 2.1920310216782797)
(-27.082189719444806, 13.930003589374975)
(-14.707821048680177, -5.515432893255018)
(-11.31370849898475, 1.4142135623730863)
(-27.365032431919413, 13.647160876900362)
(-16.192745289171906, -7.000357133746768)
(-11.5258405333407, 0.6363961030678692)
(-27.647875144394042, 13.364318164425734)
(-17.4655374953077, -8.273149339882561)
(-11.879393923933966, -0.14142135623734095)
(-27.930717856868647, 13.081475451951126)
(-11.596551211459342, -3.111269837220772)
(-12.940054095713819, -1.6263455967290579)
(-28.213560569343272, 12.798632739476508)
(-14.00071426749363, -5.515432893255017)
(-11.667261889577997, 0.3535533905932318)
(-28.496403281817887, 12.51579002700189)
(-13.859292911256286, -5.374011537017715)
(-12.37436867076456, -1.0606601717798394)
(-28.779245994292523, 12.232947314527264)
(-17.111984104714413, -8.62670273047584)
(-16.82914139223981, 11.455129855222053)
(-29.06208870676712, 11.950104602052646)
(-11.808683245815336, -4.030508652763271)
(-16.546298679765194, 11.030865786510121)
(-29.34493141924174, 11.667261889578032)
(-13.435028842544384, -4.949747468305792)
(-16.263455967290582, 10.606601717798204)
(-29.62777413171638, 11.38441917710341)
(-15.344217151748055, -7.56604255869601)
(-15.98061325481596, 10.182337649086278)
(-29.910616844190987, 11.101576464628792)
(-16.61700935788385, -8.838834764831804)
(-15.697770542341345, 9.758073580374345)
(-30.193459556665605, 10.818733752154172)
(-12.232947314527255, -5.161879502661759)
(-15.414927829866723, 9.33380951166242)
(-30.476302269140238, 10.535891039679552)
(-13.152186130069751, -7.071067811865444)
(-17.748380207782333, 10.53589103967955)
(-30.759144981614845, 10.253048327204937)
(-12.364152992578882, -5.722197367886309)
(-17.431117335707036, 10.15229894413752)
(-27.80248530875939, 13.92773878842853)
(-12.020815280171288, -4.666904755831169)
(-17.11198410471444, 9.758073580374347)
(-28.072139213105956, 13.647160876900362)
(-14.91995308303614, -4.030508652763281)
(-16.86449673129914, 9.298454172603078)
(-28.354981925580578, 13.364318164425747)
(-16.758430714121157, -6.151828996322923)
(-16.53215654414146, 8.923687578574212)
(-28.637824638055207, 13.081475451951121)
(-15.90990257669728, -7.424621202458708)
(-16.192745289171945, 8.555992052357237)
(-28.920667350529833, 12.798632739476492)
(-14.142135623730912, -7.071067811865435)
(-15.980613254815962, 8.061017305526633)
(-29.20351006300445, 12.515790027001882)
(-14.778531726798823, -7.424621202458702)
(-15.697770542341335, 7.636753236814694)
(-29.486352775479062, 12.232947314527271)
(-15.697770542341337, -8.62670273047584)
(-15.485638507985389, 7.141778489984134)
(-29.76919548795368, 11.95010460205265)
(-12.727922061357836, -6.363961030678886)
(-15.20279579551075, 6.717514421272182)
(-30.052038200428306, 11.667261889578029)
(-14.778531726798812, -8.414570696119863)
(-14.990663761154796, 6.22253967444161)
(-30.33488091290292, 11.384419177103409)
(-13.57645019878169, -7.6367532368146644)
(-18.738329701443508, 9.545941546018392)
(-30.617723625377533, 11.101576464628787)
(-14.283556979968242, -8.343860018001218)
(-19.02117241391811, 9.263098833543753)
(-30.900566337852148, 10.818733752154172)
(-17.465537495307707, -8.273149339882567)
(-19.304015126392724, 8.980256121069136)
(-31.183409050326773, 10.535891039679553)
(-17.81909088590098, -9.333809511662368)
(-19.58685783886734, 8.697413408594505)
(-31.466251762801384, 10.25304832720494)
(-18.172644276494243, -10.111626970967595)
(-19.869700551341964, 8.414570696119897)
(-28.28427124746194, 14.142135623730946)
(-18.73832970144348, -10.960155108391435)
(-18.243354954612908, 9.333809511662407)
(-28.56711395993655, 13.859292911256329)
(-25.45584412271569, -8.48528137423853)
(-18.526197667087526, 9.050966799187789)
(-28.849956672411174, 13.576450198781696)
(-27.22361107568207, -10.253048327204885)
(-18.809040379562145, 8.768124086713168)
(-29.132799384885786, 13.293607486307096)
(-24.748737341529164, -8.485281374238527)
(-19.091883092036753, 8.485281374238541)
(-29.415642097360404, 13.010764773832472)
(-26.728636328851486, -10.465180361560849)
(-19.374725804511385, 8.20243866176393)
(-29.69848480983503, 12.727922061357845)
(-24.18305191657991, -8.62670273047584)
(-19.657568516986, 7.919595949289312)
(-29.981327522309638, 12.445079348883224)
(-26.23366158202088, -10.67731239591681)
(-17.748380207782322, 9.121677477306443)
(-30.264170234784263, 12.162236636408611)
(-23.688077169749313, -8.838834764831791)
(-18.031222920256962, 8.838834764831846)
(-30.547012947258885, 11.879393923933995)
(-25.667976157071653, -10.818733752154134)
(-18.31406563273158, 8.555992052357226)
(-30.829855659733507, 11.596551211459367)
(-23.122391744800094, -8.980256121069106)
(-18.596908345206188, 8.273149339882599)
(-31.11269837220813, 11.313708498984754)
(-25.10229073212243, -10.960155108391454)
(-18.87975105768079, 7.990306627407957)
(-29.203510063004437, 13.930003589374982)
(-22.48599564173217, -9.050966799187764)
(-19.16259377015544, 7.707463914933369)
(-29.48635277547905, 13.647160876900369)
(-24.536605307173183, -11.101576464628774)
(-19.445436482630058, 7.424621202458748)
(-29.769195487953684, 13.364318164425734)
(-21.354624791833718, -8.626702730475818)
(-17.324116139070405, 8.838834764831834)
(-30.052038200428296, 13.081475451951125)
(-23.970919882223935, -11.242997820866057)
(-17.60695885154502, 8.555992052357219)
(-30.334880912902936, 12.798632739476485)
(-20.930360723121783, -8.909545442950453)
(-17.88980156401963, 8.273149339882586)
(-30.617723625377536, 12.515790027001893)
(-23.193102422918738, -11.172287142747406)
(-18.172644276494253, 7.990306627407966)
(-30.759144981614842, 12.374368670764579)
(-20.64751801064716, -9.333809511662377)
(-18.45548698896889, 7.70746391493337)
(-30.05203820042831, 13.788582233137664)
(-22.485995641732192, -11.172287142747386)
(-18.738329701443465, 7.424621202458712)
(-30.334880912902925, 13.50573952066305)
(-20.859650045003132, -10.253048327204898)
(-19.02117241391813, 7.1417784899841275)
(-30.759144981614845, 13.081475451951128)
(-21.56675682618969, -10.960155108391445)
(-17.041273426595776, 8.414570696119895)
(-31.466251762801388, 1.0606601717798154)
(-25.667976157071653, 2.616295090390233)
(-17.324116139070405, 8.131727983645296)
(-30.900566337852148, 0.9192388155425073)
(-20.081832585697928, 8.202438661763985)
(-17.60695885154503, 7.848885271170672)
(-31.466251762801388, 1.0606601717798216)
(-25.314422766478394, 2.2627416997969743)
(-17.88980156401964, 7.566042558696043)
(-31.749094475276, 0.7778174593052024)
(-19.798989873223313, 7.778174593052049)
(-18.17264427649426, 7.283199846221432)
(-32.03193718775061, 0.49497474683058246)
(-24.913554295245703, 1.9441160582887742)
(-18.46825617003686, 7.016229258777066)
(-32.33339089737307, 0.2021480214183648)
(-19.5161471607487, 7.353910524340115)
(-18.738329701443504, 6.717514421272197)
(-32.59762261269986, -0.07071067811865547)
(-24.536605307173197, 1.6263455967290943)
(-16.75843071412116, 7.990306627407972)
(-32.880465325174484, -0.35355339059328206)
(-19.23330444827408, 6.92964645562819)
(-17.041273426595783, 7.707463914933361)
(-32.03193718775062, 1.202081528017135)
(-19.021172413918098, 6.434671708797607)
(-17.32411613907041, 7.424621202458747)
(-32.31477990022525, 0.9192388155425077)
(-24.147696577520595, 1.308147545195146)
(-17.606958851545027, 7.141778489984127)
(-32.59762261269986, 0.6363961030678861)
(-18.738329701443504, 6.0104076400856705)
(-17.889801564019642, 6.858935777509503)
(-32.880465325174484, 0.35355339059327084)
(-19.23330444827409, -6.2225396744416)
(-18.17264427649425, 6.576093065034873)
(-33.16330803764909, 0.07071067811865699)
(-19.51614716074869, -6.505382386916202)
(-18.45548698896888, 6.293250352560264)
(-33.44615075012372, -0.21213203435597108)
(-19.798989873223302, -6.788225099390821)
(-16.475588001646557, 7.566042558696061)
(-33.728993462598346, -0.49497474683058806)
(-20.081832585697935, -7.071067811865434)
(-16.75843071412118, 7.283199846221439)
(-32.597622612699865, 1.343502884254425)
(-20.364675298172546, -7.353910524340056)
(-17.041273426595776, 7.0003571337468005)
(-32.880465325174484, 1.060660171779817)
(-20.64751801064717, -7.6367532368146795)
(-17.324116139070384, 6.717514421272171)
(-33.16330803764911, 0.7778174593051922)
(-20.930360723121783, -7.919595949289293)
(-17.606958851545023, 6.4346717087975716)
(-33.44615075012372, 0.4949747468305783)
(-21.213203435596405, -8.202438661763916)
(-17.889801564019642, 6.151828996322953)
(-33.72899346259835, 0.21213203435595168)
(-21.49604614807102, -8.485281374238538)
(-18.17264427649426, 5.868986283848335)
(-34.01183617507296, -0.07071067811866469)
(-21.778888860545653, -8.768124086713152)
(-16.475588001646535, 6.858935777509493)
(-34.29467888754758, -0.3535533905932806)
(-16.82914139223982, -4.101219330881943)
(-16.758430714121175, 6.576093065034893)
(-34.57752160002219, -0.6363961030678859)
(-15.485638507985364, -3.4648232278140547)
(-17.041273426595794, 6.293250352560276)
(-33.09259735953045, 1.555634918610399)
(-16.192745289171924, -3.8890872965259704)
(-17.324116139070405, 6.010407640085645)
(-33.375440072005055, 1.272792206135788)
(-14.778531726798832, -3.040559159102137)
(-17.606958851545034, 5.727564927611035)
(-33.65828278447968, 0.9899494936611648)
(-13.5764501987817, -1.979898987322305)
(-17.889801564019667, 5.444722215136424)
(-33.9411254969543, 0.7071067811865489)
(-14.354267658086888, -2.6162950903901914)
(-18.172644276494268, 5.1618795026618)
(-34.223968209428925, 0.42426406871191125)
(-20.718228688765823, -8.697413408594489)
(-16.263455967290593, 6.3639610306789285)
(-34.50681092190354, 0.14142135623729632)
(-15.344217151748058, -3.323401871576739)
(-16.546298679765194, 6.081118318204288)
(-34.789653634378155, -0.1414213562373125)
(-12.020815280171298, -0.7071067811865165)
(-16.829141392239812, 5.79827560572967)
(-33.65828278447968, 1.697056274847711)
(-13.435028842544384, -2.1213203435596113)
(-17.11198410471443, 5.515432893255051)
(-33.94112549695431, 1.414213562373086)
(-13.859292911256308, -2.5455844122715354)
(-17.39482681718907, 5.232590180780453)
(-34.223968209428925, 1.1313708498984738)
(-14.566399692442861, -3.2526911934580887)
(-17.677669529663675, 4.949747468305826)
(-34.506810921903536, 0.8485281374238478)
(-19.94041122946062, -8.626702730475845)
(-17.960512242138297, 4.666904755831205)
(-34.789653634378155, 0.5656854249492318)
(-11.737972567696675, -1.131370849898431)
(-16.051323932934615, 5.868986283848336)
(-35.07249634685279, 0.28284271247461484)
(-13.647160876900339, -3.0405591591021164)
(-16.334166645409237, 5.586143571373717)
(-34.15325753131026, 1.9091883092036737)
(-15.202795795510742, -4.5961940777125285)
(-16.617009357883845, 5.303300858899088)
(-34.436100243784885, 1.6263455967290508)
(-15.768481220460004, -5.161879502661759)
(-16.899852070358467, 5.020458146424469)
(-34.71894295625951, 1.3435028842544383)
(-16.475588001646532, -5.868986283848317)
(-17.182694782833103, 4.737615433949871)
(-35.00178566873412, 1.0606601717798112)
(-31.183409050326734, -4.313351365237883)
(-17.465537495307718, 4.454772721475236)
(-35.28462838120874, 0.77781745930521)
(-33.30472939388636, -6.434671708797536)
(-17.748380207782343, 4.171930009000629)
(-34.506810921903536, 2.2627416997969623)
(-30.829855659733447, -4.6669047558311885)
(-18.03122292025696, 3.8890872965260153)
(-34.78965363437817, 1.9798989873223185)
(-32.88046532517445, -6.717514421272148)
(-18.314065632731552, 3.606244584051363)
(-35.072496346852766, 1.6970562748477143)
(-30.405591591021533, -4.949747468305822)
(-15.6270598642227, 5.586143571373727)
(-35.355339059327406, 1.4142135623730865)
(-32.45620125646252, -7.0003571337467765)
(-15.909902576697313, 5.303300858899094)
(-35.638181771802024, 1.131370849898468)
(-30.05203820042825, -5.303300858899064)
(-16.192745289171942, 5.020458146424485)
(-34.71894295625951, 2.757716446627524)
(-32.10264786586924, -7.35391052434004)
(-16.475588001646546, 4.737615433949859)
(-35.001785668734136, 2.4748737341529123)
(-29.627774131716315, -5.586143571373676)
(-16.758430714121168, 4.454772721475239)
(-35.28462838120874, 2.192031021678295)
(-31.678383797157334, -7.636753236814704)
(-17.041273426595797, 4.171930009000629)
(-35.56747109368336, 1.9091883092036768)
(-29.274220741123052, -5.939696961966961)
(-17.324116139070412, 3.889087296526013)
(-35.85031380615798, 1.6263455967290508)
(-31.254119728445378, -7.919595949289278)
(-17.606958851545023, 3.6062445840513835)
(-34.78965363437816, 3.3941125496954183)
(-28.77924599429247, -6.151828996322937)
(-17.889801564019628, 3.3234018715767566)
(-35.07249634685277, 3.1112698372208087)
(-30.82985565973346, -8.202438661763928)
(-18.172644276494275, 3.0405591591021524)
(-35.3553390593274, 2.828427124746176)
(-28.425692603699183, -6.505382386916206)
(-18.455486988968893, 2.757716446627535)
(-35.638181771802024, 2.5455844122715594)
(-30.40559159102154, -8.485281374238534)
(-18.738329701443494, 2.4748737341528932)
(-35.921024484276636, 2.262741699796954)
(-28.072139213105928, -6.85893577750948)
(-15.273506473629407, 5.232590180780432)
(-36.203867196751254, 1.9798989873223356)
(-29.981327522309588, -8.76812408671314)
(-15.556349186104034, 4.949747468305825)
(-35.00178566873413, 3.8890872965260117)
(-27.64787514439399, -7.141778489984097)
(-15.839191898578665, 4.666904755831213)
(-35.284628381208755, 3.6062445840513817)
(-29.55706345359767, -9.050966799187778)
(-16.122034611053255, 4.384062043356565)
(-35.56747109368336, 3.323401871576769)
(-27.22361107568206, -7.424621202458702)
(-16.404877323527884, 4.101219330881955)
(-35.850313806157985, 3.0405591591021484)
(-29.13279938488574, -9.333809511662386)
(-16.687720036002514, 3.8183766184073438)
(-36.13315651863261, 2.7577164466275326)
(-26.870057685088778, -7.778174593051986)
(-16.97056274847712, 3.5355339059327173)
(-36.41599923110722, 2.474873734152915)
(-28.637824638055154, -9.54594154601835)
(-17.25340546095175, 3.252691193458107)
(-34.78965363437816, 4.8083261120685235)
(-26.516504294495512, -8.131727983645275)
(-17.53624817342637, 2.969848480983491)
(-35.07249634685279, 4.525483399593894)
(-28.14284989122457, -9.758073580374312)
(-17.81909088590098, 2.68700576850886)
(-35.3553390593274, 4.242640687119283)
(-25.95081886954628, -8.273149339882565)
(-18.101933598375606, 2.4041630560342515)
(-35.63818177180203, 3.959797974644665)
(-27.718585822512633, -10.040916292848904)
(-18.384776310850214, 2.1213203435596233)
(-35.92102448427664, 3.6769552621700443)
(-36.9816846560564, -11.52584053334069)
(-18.66761902332484, 1.8384776310849995)
(-36.20386719675127, 3.3941125496954188)
(-33.16330803764906, -8.414570696119883)
(-18.950461735799486, 1.5556349186104148)
(-36.48670990922589, 3.1112698372208025)
(-33.446150750123664, -8.697413408594478)
(-19.233304448274083, 1.2727922061357761)
(-35.07249634685279, 5.232590180780445)
(-33.72899346259832, -8.980256121069111)
(-19.374725804511396, 1.1313708498984616)
(-35.3553390593274, 4.949747468305825)
(-34.011836175072915, -9.263098833543747)
(-14.919953083036132, 4.879036790187159)
(-35.63818177180201, 4.666904755831214)
(-34.29467888754753, -9.545941546018327)
(-15.202795795510744, 4.5961940777125285)
(-35.921024484276636, 4.384062043356587)
(-34.57752160002216, -9.828784258492952)
(-15.485638507985373, 4.313351365237919)
(-36.062445840513945, 4.242640687119286)
(-34.860364312496785, -10.111626970967595)
(-15.76848122046, 4.03050865276331)
(-26.79934700697018, 4.030508652763308)
(-35.1432070249714, -10.394469683442196)
(-16.05132393293461, 3.7476659402886794)
(-27.577164466275374, 3.5355339059327324)
(-35.426049737446036, -10.67731239591685)
(-16.33416664540923, 3.4648232278140627)
(-27.860007178749985, 3.1112698372208047)
(-35.70889244992064, -10.960155108391454)
(-16.61700935788385, 3.1819805153394425)
(-28.284271247461916, 2.8284271247461876)
(-35.921024484276586, -11.17228714274741)
(-16.899852070358477, 2.8991378028648342)
(-29.13279938488579, 2.2627416997969414)
(-32.314779900225204, -8.273149339882567)
(-17.182694782833096, 2.616295090390216)
(-28.70853531617386, 2.545584412271567)
(-32.59762261269983, -8.555992052357183)
(-17.465537495307697, 2.3334523779155747)
(-29.769195487953667, 2.192031021678286)
(-32.880465325174434, -8.838834764831807)
(-17.74838020778233, 2.0506096654409807)
(-27.223611075682104, 3.889087296526008)
(-33.16330803764907, -9.121677477306445)
(-18.031222920256955, 1.767766952966356)
(-30.476302269140206, 2.0506096654409935)
(-33.44615075012368, -9.404520189781037)
(-18.314065632731573, 1.4849242404917393)
(-31.04198769408945, 2.0506096654409887)
(-33.7289934625983, -9.687362902255666)
(-18.5969083452062, 1.2020815280171309)
(-31.607673119038704, 2.1920310216782806)
(-34.011836175072915, -9.970205614730288)
(-18.8797510576808, 0.9192388155424905)
(-32.10264786586927, 2.5455844122715727)
(-34.29467888754756, -10.25304832720489)
(-19.091883092036767, 0.7071067811865249)
(-32.38549057834389, 2.9698484809835017)
(-34.577521600022145, -10.535891039679536)
(-14.707821048680175, 4.384062043356588)
(-32.526911934581214, 3.5355339059327253)
(-34.860364312496756, -10.818733752154126)
(-14.990663761154797, 4.101219330881967)
(-32.59762261269987, 4.171930009000624)
(-32.52691193458117, -9.192388155425066)
(-15.27350647362941, 3.8183766184073327)
(-32.59762261269986, 4.8790367901871745)
(-32.80975464705578, -9.475230867899688)
(-15.556349186104045, 3.5355339059327386)
(-32.45620125646256, 5.586143571373716)
(-33.09259735953041, -9.7580735803743)
(-15.83919189857866, 3.252691193458103)
(-32.24406922210659, 6.222539674441616)
(-33.37544007200502, -10.040916292848925)
(-16.122034611053262, 2.96984848098348)
(-31.890515831513323, 6.717514421272195)
(-33.65828278447964, -10.323759005323547)
(-16.404877323527895, 2.6870057685088695)
(-31.4662517628014, 7.141778489984115)
(-33.941125496954264, -10.606601717798169)
(-16.687720036002514, 2.404163056034252)
(-30.97127701597081, 7.636753236814713)
(-32.45620125646251, -9.828784258492972)
(-16.97056274847713, 2.1213203435596335)
(-30.47630226914022, 7.99030662740798)
(-32.73904396893714, -10.111626970967594)
(-17.253405460951743, 1.8384776310850024)
(-29.804550827013003, 8.37921535706058)
(-33.02188668141174, -10.39446968344222)
(-17.53624817342638, 1.555634918610405)
(-29.062088706767124, 8.414570696119917)
(-31.607673119038648, -10.394469683442217)
(-17.819090885901, 1.272792206135783)
(-28.496403281817894, 8.273149339882599)
(-28.56711395993651, -3.8183766184073122)
(-18.101933598375616, 0.9899494936611664)
(-28.001428534987305, 8.061017305526637)
(-28.284271247461874, -3.5355339059327004)
(-18.384776310850228, 0.7071067811865378)
(-27.57716446627538, 7.778174593052012)
(-28.00142853498726, -3.252691193458092)
(-18.667619023324857, 0.4242640687119294)
(-27.50645378815672, 4.313351365237938)
(-27.718585822512658, -2.969848480983464)
(-18.809040379562166, 0.2828427124746202)
(-27.789296500631345, 4.030508652763312)
(-28.001428534987276, -3.2526911934580927)
(-14.424978336205555, 3.9597979746446503)
(-28.072139213105956, 3.747665940288699)
(-31.96122650963194, -3.676955262170015)
(-14.707821048680179, 3.676955262170038)
(-28.354981925580578, 3.4648232278140787)
(-34.011836175072915, -5.7275649276110245)
(-14.990663761154801, 3.394112549695415)
(-28.637824638055196, 3.1819805153394585)
(-31.607673119038683, -4.030508652763316)
(-15.273506473629409, 3.1112698372207865)
(-27.718585822512676, 4.8083261120685235)
(-33.65828278447966, -6.081118318204283)
(-15.55634918610404, 2.8284271247461774)
(-28.001428534987305, 4.525483399593897)
(-22.768838354206807, -0.141421356237274)
(-15.839191898578653, 2.5455844122715643)
(-29.13279938488578, 2.9698484809834946)
(-23.05168106668144, -0.4242640687118877)
(-16.122034611053262, 2.262741699796933)
(-30.405591591021565, 4.666904755831205)
(-23.33452377915605, -0.7071067811865198)
(-16.40487732352788, 1.9798989873223145)
(-28.28427124746191, 4.242640687119278)
(-23.475945135393353, -0.8485281374238219)
(-16.687720036002514, 1.6970562748477043)
(-28.496403281817887, 4.030508652763315)
(-24.112341238461266, -1.4849242404917244)
(-16.97056274847712, 1.4142135623730767)
(-29.062088706767117, 3.4648232278140823)
(-24.395183950935873, -1.7677669529663218)
(-17.25340546095175, 1.1313708498984665)
(-29.344931419241746, 3.181980515339453)
(-24.678026663410503, -2.0506096654409594)
(-17.536248173426372, 0.8485281374238463)
(-29.62777413171636, 2.899137802864841)
(-25.38513344459705, -2.7577164466275073)
(-17.819090885900987, 0.5656854249492278)
(-30.405591591021558, 2.1213203435596393)
(-21.84959953866431, 0.07071067811868348)
(-18.1019335983756, 0.2828427124745976)
(-27.86000717874999, 5.374011537017758)
(-22.13244225113893, -0.21213203435592462)
(-18.38477631085023, -1.437846153161427e-14)
(-28.142849891224614, 5.091168824543141)
(-22.41528496361353, -0.4949747468305339)
(-18.526197667087533, -0.1414213562373165)
(-28.42569260369923, 4.8083261120685155)
(-22.698127676088152, -0.7778174593051765)
(-14.495689014324233, 3.181980515339476)
(-28.77924599429251, 4.454772721475237)
(-22.980970388562778, -1.0606601717797937)
(-14.778531726798843, 2.8991378028648476)
(-29.557063453597717, 3.6769552621700394)
(-23.263813101037385, -1.3435028842544117)
(-15.06137443927346, 2.616295090390229)
(-29.83990616607234, 3.3941125496954156)
(-23.546655813512032, -1.6263455967290361)
(-15.344217151748062, 2.3334523779155867)
(-30.052038200428292, 3.181980515339458)
(-23.82949852598663, -1.9091883092036437)
(-15.6270598642227, 2.0506096654409895)
(-30.759144981614853, 2.474873734152904)
(-24.183051916579902, -2.2627416997969165)
(-15.909902576697332, 1.7677669529663775)
(-27.860007178750003, 6.0811183182042985)
(-24.819448019647805, -2.8991378028647876)
(-16.192745289171924, 1.4849242404917433)
(-28.142849891224618, 5.798275605729694)
(-21.92031021678296, -0.7071067811865108)
(-16.475588001646557, 1.2020815280171313)
(-28.425692603699236, 5.515432893255061)
(-22.203152929257577, -0.9899494936611293)
(-16.758430714121157, 0.9192388155424919)
(-28.708535316173858, 5.232590180780443)
(-22.48599564173219, -1.2727922061357406)
(-17.041273426595783, 0.6363961030678853)
(-28.99137802864849, 4.949747468305823)
(-22.76883835420681, -1.5556349186103644)
(-17.324116139070405, 0.35355339059326507)
(-29.132799384885782, 4.808326112068515)
(-23.051681066681425, -1.8384776310849775)
(-17.606958851545034, 0.07071067811865489)
(-29.769195487953677, 4.171930009000624)
(-24.112341238461244, -2.8991378028647987)
(-17.88980156401963, -0.21213203435598188)
(-30.0520382004283, 3.889087296525998)
(-24.607315985291848, -2.969848480983474)
(-18.17264427649427, -0.494974746830582)
(-30.33488091290292, 3.6062445840513906)
(-22.62741699796951, -1.5556349186103744)
(-18.384776310850217, -0.707106781186566)
(-31.04198769408946, 2.8991378028648387)
(-22.910259710444134, -2.545584412271535)
(-14.707821048680177, 2.262741699796944)
(-28.21356056934326, 6.434671708797578)
(-21.849599538664297, -1.4849242404917082)
(-14.9906637611548, 1.9798989873223223)
(-28.496403281817887, 6.151828996322963)
(-21.283914113715056, -0.6363961030678555)
(-15.273506473629407, 1.6970562748476936)
(-28.779245994292502, 5.868986283848337)
(-21.142492757477754, 0.07071067811867271)
(-15.556349186104043, 1.4142135623730971)
(-29.062088706767124, 5.586143571373726)
(-21.496046148071024, -1.1313708498984352)
(-15.839191898578646, 1.1313708498984558)
(-29.344931419241743, 5.303300858899101)
(-22.132442251138915, -1.9091883092036577)
(-16.122034611053273, 0.8485281374238492)
(-29.62777413171636, 5.020458146424478)
(-22.48599564173221, -2.2627416997969125)
(-16.404877323527906, 0.5656854249492365)
(-29.91061684419099, 4.73761543394986)
(-23.546655813512, -2.757716446627498)
(-16.68772003600253, 0.2828427124746316)
(-30.193459556665616, 4.454772721475239)
(-17.253405460951743, -4.242640687119244)
(-16.97056274847711, -2.88135075771783e-14)
(-30.547012947258875, 4.1012193308819755)
(-17.536248173426355, -4.525483399593855)
(-17.25340546095174, -0.2828427124746372)
(-31.183409050326766, 3.4648232278140774)
(-17.81909088590099, -4.80832611206849)
(-17.536248173426358, -0.5656854249492574)
(-28.991378028648473, 6.36396103067892)
(-18.101933598375606, -5.091168824543106)
(-17.819090885900977, -0.8485281374238759)
(-29.274220741123095, 6.0811183182043065)
(-18.384776310850206, -5.374011537017725)
(-18.101933598375606, -1.1313708498984825)
(-29.557063453597717, 5.798275605729682)
(-18.66761902332483, -5.656854249492349)
(-18.243354954612926, -1.2727922061357817)
(-29.839906166072335, 5.515432893255068)
(-18.950461735799443, -5.9396969619669715)
(-14.637110370561524, 1.6263455967290492)
(-30.12274887854695, 5.2325901807804485)
(-32.31477990022521, -8.27314933988258)
(-14.919953083036155, 1.3435028842544392)
(-31.18340905032677, 4.171930009000629)
(-35.14320702497139, -11.101576464628742)
(-15.202795795510747, 1.060660171779787)
(-31.254119728445414, 3.6769552621700523)
(-32.24406922210655, -8.909545442950462)
(-15.48563850798538, 0.7778174593051949)
(-29.83990616607234, 5.656854249492372)
(-34.294678887547526, -10.960155108391435)
(-15.76848122045999, 0.49497474683056547)
(-30.829855659733504, 5.374011537017765)
(-32.1733585439879, -9.545941546018357)
(-16.05132393293462, 0.2121320343559535)
(-29.769195487953663, 6.434671708797574)
(-33.234018715767725, -10.60660171779818)
(-16.334166645409244, -0.07071067811866938)
(-28.920667350529808, 7.000357133746817)
(-32.17335854398788, -10.253048327204906)
(-16.61700935788387, -0.35355339059327423)
(-28.213560569343276, 7.141778489984121)
(-35.991735162395244, -8.414570696119867)
(-16.899852070358484, -0.6363961030678909)
(-29.41564209736041, 6.788225099390849)
(-36.27457787486985, -8.697413408594484)
(-17.182694782833085, -0.9192388155425331)
(-30.19345955666562, 6.151828996322955)
(-36.55742058734449, -8.980256121069111)
(-17.465537495307707, -1.2020815280171515)
(-30.547012947258885, 5.7982756057296845)
(-36.84026329981909, -9.263098833543749)
(-17.74838020778234, -1.4849242404917462)
(-31.041987694089475, 4.737615433949857)
(-37.12310601229372, -9.545941546018359)
(-18.031222920256944, -1.7677669529663884)
(-32.52691193458121, 11.030865786510137)
(-36.0624458405139, -9.899494936611623)
(-14.354267658086894, 1.2020815280171127)
(-32.80975464705584, 10.748023074035514)
(-36.345288552988535, -10.182337649086236)
(-14.637110370561505, 0.9192388155424823)
(-33.092597359530465, 10.465180361560908)
(-36.62813126546316, -10.465180361560858)
(-14.91995308303613, 0.6363961030678758)
(-33.37544007200508, 10.182337649086277)
(-36.91097397793775, -10.748023074035492)
(-15.202795795510768, 0.3535533905932774)
(-33.6582827844797, 9.899494936611651)
(-35.991735162395244, -9.121677477306415)
(-15.485638507985371, 0.0707106781186353)
(-33.941125496954314, 9.616652224137045)
(-36.274577874869856, -9.404520189781026)
(-15.768481220460034, -0.21213203435594563)
(-34.22396820942893, 9.33380951166242)
(-36.55742058734451, -9.687362902255659)
(-16.05132393293461, -0.4949747468306043)
(-34.50681092190354, 9.05096679918781)
(-36.840263299819114, -9.970205614730263)
(-16.33416664540923, -0.7778174593052227)
(-34.78965363437817, 8.768124086713195)
(-37.123106012293725, -10.253048327204896)
(-16.61700935788385, -1.060660171779843)
(-35.07249634685279, 8.485281374238564)
(-37.40594872476833, -10.535891039679521)
(-16.899852070358488, -1.3435028842544412)
(-35.35533905932741, 8.202438661763937)
(-37.68879143724296, -10.818733752154133)
(-17.18269478283309, -1.6263455967290816)
(-35.638181771802024, 7.919595949289327)
(-34.78965363437811, -9.333809511662377)
(-17.465537495307707, -1.9091883092037)
(-35.92102448427664, 7.636753236814715)
(-35.07249634685272, -9.616652224137008)
(-17.74838020778232, -2.1920310216783134)
(-36.203867196751254, 7.353910524340088)
(-35.35533905932735, -9.899494936611614)
(-18.031222920256937, -2.474873734152932)
(-36.48670990922589, 7.0710678118654675)
(-35.63818177180198, -10.182337649086225)
(-14.354267658086897, 0.49497474683056136)
(-36.7695526217005, 6.788225099390849)
(-35.9210244842766, -10.465180361560847)
(-14.637110370561496, 0.21213203435592193)
(-37.05239533417512, 6.505382386916229)
(-36.203867196751204, -10.748023074035473)
(-14.919953083036138, -0.0707106781186782)
(-32.38549057834391, 11.455129855222058)
(-36.48670990922583, -11.030865786510073)
(-15.202795795510754, -0.3535533905932949)
(-31.749094475276014, 12.798632739476513)
(-36.76955262170046, -11.313708498984685)
(-15.485638507985371, -0.6363961030679125)
(-32.17335854398795, 12.09152595828995)
(-20.293964620053917, -2.192031021678262)
(-15.76848122045999, -0.9192388155425292)
(-31.324830406564086, 13.505739520663056)
(-19.905055890401286, -1.5202795795510293)
(-16.051323932934608, -1.202081528017151)
(-30.264170234784267, 14.707821048680174)
(-19.86970055134196, -0.7778174593051362)
(-16.334166645409226, -1.4849242404917677)
(-30.900566337852162, 13.930003589374987)
(-20.011121907579263, -0.2121320343559105)
(-16.61700935788386, -1.767766952966378)
(-36.981684656056466, 7.566042558696045)
(-20.223253941935244, 0.28284271247465476)
(-16.899852070358452, -2.050609665441015)
(-31.607673119038704, 12.940054095713815)
(-20.506096654409866, 0.7071067811865797)
(-17.18269478283308, -2.333452377915623)
(-28.99137802864849, 16.26345596729058)
(-23.970919882223935, 0.7778174593052503)
(-17.465537495307704, -2.6162950903902433)
(-30.405591591021583, 14.84924240491749)
(-24.25376259469854, 0.4949747468306271)
(-17.748380207782322, -2.8991378028648636)
(-30.8298556597335, 14.42497833620557)
(-24.53660530717318, 0.21213203435600447)
(-18.03122292025695, -3.1819805153394722)
(-31.536962440920053, 13.717871555019018)
(-24.819448019647783, -0.07071067811859799)
(-14.14213562373095, 1.9984014443252818e-15)
(-36.910973977937815, 8.343860018001237)
(-25.102290732122405, -0.35355339059320107)
(-14.424978336205548, -0.28284271247463655)
(-29.415642097360404, 16.546298679765215)
(-23.47594513539335, 0.5656854249493082)
(-14.707821048680168, -0.5656854249492559)
(-31.324830406564097, 14.637110370561523)
(-23.75878784786797, 0.28284271247466547)
(-14.990663761154787, -0.8485281374238752)
(-32.8804653251745, 13.08147545195111)
(-25.31442276647839, -0.848528137423807)
(-15.273506473629395, -1.131370849898502)
(-33.446150750123735, 12.515790027001888)
(-23.617366491630673, -2.1213203435596006)
(-15.556349186104026, -1.414213562373114)
(-34.153257531310274, 11.808683245815343)
(-24.041630560342586, 5.2348088973794624e-14)
(-15.839191898578624, -1.6970562748477525)
(-35.001785668734136, 10.960155108391472)
(-24.253762594698568, -0.21213203435593103)
(-16.122034611053273, -1.9798989873223407)
(-35.7088924499207, 10.253048327204933)
(-24.819448019647783, -0.7778174593051655)
(-16.404877323527884, -2.262741699796973)
(-36.41599923110722, 9.545941546018389)
(-25.102290732122427, -1.0606601717797899)
(-16.687720036002506, -2.5455844122715776)
(-37.123106012293775, 8.838834764831837)
(-25.38513344459705, -1.3435028842544119)
(-16.970562748477125, -2.8284271247462116)
(-29.910616844191, 16.758430714121168)
(-26.16295090390224, -2.1213203435596)
(-14.354267658086915, -0.9192388155425113)
(-31.819805153394675, 14.849242404917481)
(-22.910259710444105, 0.4242640687119657)
(-14.637110370561514, -1.202081528017149)
(-33.799704140717, 12.869343417595159)
(-23.193102422918734, 0.14142135623737445)
(-14.919953083036132, -1.4849242404917693)
(-34.789653634378176, 11.879393923933984)
(-23.47594513539336, -0.14142135623727004)
(-15.202795795510754, -1.7677669529663895)
(-36.1331565186326, 10.535891039679552)
(-23.829498525986622, -0.49497474683053244)
(-15.485638507985351, -2.050609665441028)
(-30.759144981614842, 16.617009357883862)
(-24.607315985291823, -1.2727922061357313)
(-15.768481220459991, -2.333452377915628)
(-32.456201256462556, 14.91995308303614)
(-24.890158697766445, -1.555634918610355)
(-15.90990257669728, -2.4748737341529576)
(-33.79970414071702, 13.576450198781707)
(-25.102290732122416, -1.7677669529663071)
(-14.495689014324205, -1.7677669529663884)
(-35.284628381208755, 12.091525958289951)
(-25.809397513308966, -2.4748737341528533)
(-14.778531726798823, -2.050609665441007)
(-36.55742058734453, 10.818733752154175)
(-22.203152929257556, 0.4242640687119857)
(-15.202795795510749, -2.4748737341529328)
(-31.395541084682755, 16.687720036002517)
(-22.48599564173219, 0.14142135623737373)
(-27.22361107568207, -3.1819805153394713)
(-33.799704140717004, 14.283556979968255)
(-14.990663761154767, 13.293607486307133)
(-27.365032431919378, -2.6162950903902304)
(-33.658282784479695, 14.424978336205564)
(-31.466251762801352, -9.545941546018337)
(-27.223611075682058, -3.1819805153394816)
(-36.91097397793781, 11.172287142747448)
(-31.466251762801335, -9.970205614730263)
(-27.50645378815666, -3.46482322781412)
(-32.314779900225254, 16.475588001646557)
(-31.536962440920004, -8.626702730475817)
(-27.789296500631277, -3.7476659402887402)
(-33.23401871576776, 14.849242404917485)
(-31.466251762801345, -9.121677477306404)
(-28.072139213105917, -4.030508652763337)
(-35.850313806158006, 12.940054095713812)
(-35.70889244992062, -7.424621202458695)
(-28.354981925580553, -4.313351365237935)
(-37.12310601229378, 11.667261889578022)
(-37.335238046649685, -9.05096679918774)
(-28.637824638055136, -4.596194077712601)
(-33.44615075012372, 16.051323932934626)
(-35.99173516239527, -7.707463914933329)
(-27.082189719444752, -3.747665940288721)
(-35.35533905932739, 15.132085117392103)
(-36.274577874869834, -7.990306627407911)
(-27.36503243191937, -4.030508652763338)
(-34.01183617507298, 15.909902576697315)
(-36.5574205873445, -8.273149339882554)
(-27.64787514439399, -4.31335136523796)
(-32.951176003293135, 16.263455967290597)
(-36.84026329981909, -8.555992052357148)
(-27.93071785686861, -4.596194077712578)
(-32.31477990022527, 13.36431816442574)
(-37.12310601229374, -8.838834764831812)
(-28.21356056934323, -4.879036790187197)
(-34.4361002437849, 11.52584053334071)
(-35.70889244992064, -8.131727983645263)
(-28.496403281817848, -5.161879502661815)
(-35.70889244992068, 12.374368670764571)
(-37.33523804664968, -9.758073580374301)
(-28.779245994292467, -5.444722215136437)
(-35.35533905932741, 14.142135623730946)
(-35.708892449920626, -8.8388347648318)
(-26.940768363207443, -4.313351365237959)
(-35.708892449920675, 13.505739520663049)
(-37.900923471598915, -11.030865786510086)
(-27.223611075682058, -4.596194077712574)
(-36.91097397793782, 12.586500705120539)
(-35.77960312803927, -9.61665222413699)
(-27.50645378815668, -4.879036790187201)
(-34.64823227814087, 15.55634918610403)
(-37.1938166904124, -11.030865786510095)
(-27.7892965006313, -5.16187950266182)
(-36.698841943581854, 13.505739520663054)
(-37.193816690412355, -11.737972567696643)
(-28.072139213105935, -5.444722215136414)
(-35.92102448427665, 14.70782104868018)
(-34.506810921903494, -9.050966799187762)
(-28.35498192558053, -5.727564927611053)
(-36.62813126546319, 14.00071426749363)
(-32.88046532517444, -8.131727983645252)
(-28.63782463805517, -6.010407640085647)
(-36.55742058734454, 10.818733752154165)
(-36.0624458405139, -11.313708498984695)
(-28.920667350529776, -6.293250352560293)
(-37.61808075912436, 10.465180361560883)
(-24.041630560342586, -7.7781745930519905)
(-26.728636328851476, -4.808326112068541)
(-38.39589821842955, 10.111626970967626)
(-24.253762594698568, 1.4849242404918077)
(-27.01147904132609, -5.091168824543158)
(-39.24442635585342, 9.54594154601838)
(-24.748737341529164, 0.7071067811865722)
(-27.29432175380072, -5.3740115370177834)
(-40.092954493277254, -11.808683245815331)
(-25.17300141024108, 0.42426406871195876)
(-27.577164466275356, -5.656854249492379)
(-39.739401102683985, -12.162236636408617)
(-25.455844122715696, 4.0316315285099114e-14)
(-27.86000717874996, -5.939696961967012)
(-39.385847712090715, -12.515790027001895)
(-26.021529547664926, -0.848528137423837)
(-28.142849891224582, -6.2225396744416255)
(-38.996938982438095, -12.833988078535834)
(-25.738686835190336, -0.4242640687118995)
(-28.425692603699208, -6.505382386916242)
(-38.60803025278551, -13.152186130069781)
(-26.092240225783605, -1.4849242404917364)
(-26.587214972614177, -5.374011537017771)
(-38.18376618407357, -13.435028842544396)
(-24.395183950935884, 1.0606601717798585)
(-26.87005768508879, -5.656854249492399)
(-37.68879143724298, -13.647160876900362)
(-26.233661582020925, -2.192031021678274)
(-27.15290039756341, -5.939696961967015)
(-37.264527368531056, -13.930003589374978)
(-26.233661582020908, -2.75771644662751)
(-27.435743110038036, -6.222539674441626)
(-36.840263299819135, -14.212846301849602)
(-26.092240225783595, -3.3234018715767664)
(-27.718585822512654, -6.505382386916239)
(-36.41599923110721, -14.495689014324226)
(-25.73868683519033, -3.8183766184073327)
(-28.001428534987276, -6.788225099390861)
(-35.85031380615796, -14.637110370561535)
(-25.3144227664784, -4.10121933088196)
(-26.375082938258224, -5.868986283848346)
(-35.28462838120874, -14.778531726798851)
(-24.748737341529164, -4.2426406871192635)
(-26.65792565073284, -6.1518289963229735)
(-34.78965363437815, -14.990663761154808)
(-24.112341238461262, -4.313351365237926)
(-26.940768363207457, -6.434671708797586)
(-34.29467888754757, -15.202795795510774)
(-23.40523445727472, -4.313351365237924)
(-27.22361107568208, -6.717514421272199)
(-33.65828278447967, -15.27350647362942)
(-22.698127676088184, -4.171930009000606)
(-27.506453788156687, -7.000357133746834)
(-33.02188668141177, -15.34421715174807)
(-22.061731573020282, -3.9597979746446534)
(-26.021529547664937, -6.22253967444163)
(-32.38549057834389, -15.41492782986674)
(-21.566756826189703, -3.606244584051384)
(-26.30437226013955, -6.505382386916251)
(-31.74909447527599, -15.485638507985394)
(-21.142492757477772, -3.181980515339445)
(-26.587214972614166, -6.7882250993908775)
(-31.041987694089435, -15.485638507985385)
(-20.647518010647193, -2.6870057685088664)
(-26.870057685088796, -7.071067811865485)
(-30.193459556665577, -15.344217151748074)
(-36.69884194358183, -11.950104602052665)
(-27.152900397563414, -7.353910524340119)
(-29.48635277547902, -15.34421715174807)
(-36.13315651863259, -12.091525958289958)
(-25.52655480083436, -6.434671708797602)
(-28.70853531617383, -15.273506473629428)
(-35.496760415564694, -12.162236636408602)
(-25.80939751330897, -6.717514421272218)
(-27.930717856868633, -15.202795795510768)
(-34.86036431249679, -12.232947314527266)
(-26.0922402257836, -7.000357133746832)
(-27.08218971944477, -15.061374439273466)
(-34.153257531310246, -12.232947314527257)
(-26.375082938258217, -7.283199846221451)
(-26.233661582020908, -14.919953083036145)
(-33.37544007200505, -12.162236636408615)
(-26.65792565073284, -7.566042558696062)
(-25.31442276647841, -14.707821048680191)
(-32.80975464705582, -11.87939392393398)
(-24.89015869776645, -6.505382386916263)
(-24.112341238461262, -14.212846301849599)
(-32.35013523928456, -11.490485194281387)
(-25.173001410241085, -6.788225099390863)
(-23.122391744800105, -13.930003589374985)
(-31.96122650963196, -11.030865786510144)
(-25.455844122715707, -7.071067811865487)
(-21.991020894901627, -13.505739520663054)
(-31.67838379715734, -7.919595949289329)
(-25.738686835190332, -7.3539105243401)
(-21.142492757477772, -13.081475451951132)
(-31.607673119038676, -8.273149339882606)
(-26.021529547664958, -7.636753236814712)
(-20.15254326381661, -12.374368670764579)
(-23.47594513539339, -6.505382386916235)
(-26.304372260139555, -7.919595949289346)
(-19.445436482630054, -11.667261889578029)
(-23.75878784786799, -6.788225099390824)
(-24.39518395093588, -6.717514421272212)
(-38.74945160902281, -10.465180361560902)
(-24.041630560342615, -7.071067811865453)
(-24.678026663410478, -7.0003571337468475)
(-38.042344827836274, -11.172287142747447)
(-24.324473272817233, -7.353910524340051)
(-24.960869375885114, -7.283199846221462)
(-38.395898218429544, -10.818733752154174)
(-24.607315985291837, -7.636753236814674)
(-25.24371208835973, -7.566042558696077)
(-38.042344827836274, -11.172287142747457)
(-24.890158697766463, -7.919595949289303)
(-25.526554800834347, -7.848885271170696)
(-37.61808075912435, -11.455129855222067)
(-25.17300141024109, -8.202438661763926)
(-25.809397513308976, -8.131727983645309)
(-37.12310601229376, -11.66726188957804)
(-23.051681066681457, -6.78822509939083)
(-23.33452377915605, -7.071067811865497)
(-23.617366491630698, -7.353910524340094)
(-23.90020920410531, -7.636753236814705)
(-23.758787847867993, 10.18233764908628)
(-18.101933598375624, 4.525483399593902)
